folio,entidad,control,viv_sel,num_hog,hog_mud,n_ren_el,cd,periodo,sexo,edad,nivel,anio,cond_act,p1,p2,p3_1,p3_2,p3_3,p3_4,p3_5,p4,p5,p5_6esp,p6_1,p6_2,p6_3,p6_4,p6_5,p6_6,p6_6esp,p7,p7_3,p8_1,p8_2,p9,p9_5esp,p10,p11,p11_6esp,p12_1,p12_2,p12_3,p12_4,p12_5,p12_6,p12_7,p12_8,p12_9,p12_9esp,p13,p13_3,p14_1,p14_2,p15,p15_5esp,p16,p17,p17_6esp,p18_1,p18_2,p18_3,p18_4,p18_5,p19,p19_3,p20_1,p20_2,p21,p21_5esp,p22,p23_1,p23_2,p24,p25,p25_6esp,p26,p27,p28,p28_7esp,p29,p30,p31,p32,p32_6esp,p33_1,p33_2,p33_3,p33_4,p34_1,p34_2,p34_3,p34_3_1,p34_4,p34_4_1,p35,p36_1,p36_2,p36_3,p36_4,factor,h_lec,mat_lec,perslec,l_format,r_format,p_format,perslecl
11B193,1,40048,2,1,0,2,14,221,2,40,2,6,7,1,2,2,2,2,2,1,0,0,,0,0,0,0,0,0,,0,0,0,0,0,,0,0,,0,0,0,0,0,0,0,0,0,,0,0,0,0,0,,0,0,,0,0,0,0,0,0,0,0,0,0,,0,0,0,5,4,,15,2,0,,1,3,2,0,,2,2,2,2,2,1,1,2,1,1,1,1,1,1,1,14969,3,3,1,0,0,0,2
11B193,1,40048,3,1,0,1,14,221,1,43,3,3,1,1,2,2,2,2,2,2,0,0,,0,0,0,0,0,0,,0,0,0,0,0,,0,0,,0,0,0,0,0,0,0,0,0,,0,0,0,0,0,,0,0,,0,0,0,0,0,0,0,0,0,0,,0,0,0,0,0,,0,0,0,,0,0,0,2,,2,2,2,2,2,2,2,0,1,1,1,1,1,1,2,16592,4,4,2,0,0,0,2
11B193,1,40048,1,1,0,6,14,221,2,27,4,3,7,1,2,2,2,2,2,1,0,0,,0,0,0,0,0,0,,0,0,0,0,0,,0,0,,0,0,0,0,0,0,0,0,0,,0,0,0,0,0,,0,0,,0,0,0,0,0,0,0,0,0,0,,0,0,0,5,4,,20,2,0,,2,3,2,0,,2,2,2,2,2,2,2,0,1,1,1,1,1,1,1,36357,3,3,1,0,0,0,2
11B193,1,40048,4,1,0,1,14,221,1,68,2,6,1,1,1,2,2,1,2,2,0,0,,0,0,0,0,0,0,,0,0,0,0,0,,0,0,,0,0,0,0,0,0,0,0,0,,0,0,0,0,0,,3,4,,1,2,2,1,1,3,7,1,1,1,,0,0,0,0,0,,20,2,0,,2,1,2,0,,2,2,2,2,2,2,2,0,1,1,1,2,1,2,2,19122,1,3,1,0,0,3,1
11A192,1,40060,2,1,0,2,14,221,2,56,3,3,1,1,2,2,2,2,2,2,0,0,,0,0,0,0,0,0,,0,0,0,0,0,,0,0,,0,0,0,0,0,0,0,0,0,,0,0,0,0,0,,0,0,,0,0,0,0,0,0,0,0,0,0,,0,0,0,0,0,,0,0,0,,0,0,0,3,,2,2,2,2,2,2,2,0,1,1,1,2,1,1,2,30694,4,4,2,0,0,0,2
11A192,1,40060,3,1,0,3,14,221,1,44,7,2,1,1,2,2,2,2,2,2,0,0,,0,0,0,0,0,0,,0,0,0,0,0,,0,0,,0,0,0,0,0,0,0,0,0,,0,0,0,0,0,,0,0,,0,0,0,0,0,0,0,0,0,0,,0,0,0,0,0,,0,0,0,,0,0,0,2,,2,2,2,2,2,2,2,0,1,1,1,2,1,1,2,25292,4,4,2,0,0,0,2
11A192,1,40060,4,1,0,1,14,221,1,46,2,6,1,1,2,2,2,2,2,2,0,0,,0,0,0,0,0,0,,0,0,0,0,0,,0,0,,0,0,0,0,0,0,0,0,0,,0,0,0,0,0,,0,0,,0,0,0,0,0,0,0,0,0,0,,0,0,0,0,0,,0,0,0,,0,0,0,3,,2,2,2,2,2,2,2,0,1,1,1,1,1,1,1,26434,4,4,2,0,0,0,2
11A192,1,40060,1,1,0,1,14,221,1,49,2,6,1,1,2,2,2,2,2,2,0,0,,0,0,0,0,0,0,,0,0,0,0,0,,0,0,,0,0,0,0,0,0,0,0,0,,0,0,0,0,0,,0,0,,0,0,0,0,0,0,0,0,0,0,,0,0,0,0,0,,0,0,0,,0,0,0,3,,2,2,2,2,2,2,2,0,1,1,1,2,1,1,2,26434,4,4,2,0,0,0,2
12B196,1,40085,1,1,0,2,14,221,2,22,4,3,7,1,1,1,1,2,2,1,1,4,,2,2,1,2,2,2,,3,280,2,1,1,,3,4,,2,2,1,1,2,2,2,1,2,,2,0,2,1,1,,0,0,,0,0,0,0,0,0,0,0,0,0,,0,0,0,5,3,,60,2,0,,3,4,1,0,,2,2,2,2,1,1,1,1,1,1,1,1,1,1,1,16667,1,2,1,2,2,0,1
12B196,1,40085,2,1,0,3,14,221,2,19,4,3,6,1,1,1,1,2,2,1,3,2,,2,1,2,1,2,2,,3,750,2,1,1,,2,4,,2,2,2,1,2,2,2,1,2,,2,0,2,1,1,,0,0,,0,0,0,0,0,0,0,0,0,0,,0,0,0,1,2,,120,2,0,,4,4,1,0,,2,2,2,1,1,1,1,2,1,1,1,1,1,1,1,25000,1,2,1,2,2,0,1
12B196,1,40085,3,1,0,2,14,221,2,46,4,3,7,1,1,1,2,2,2,1,2,4,,2,2,1,2,2,2,,2,0,2,1,1,,0,0,,0,0,0,0,0,0,0,0,0,,0,0,0,0,0,,0,0,,0,0,0,0,0,0,0,0,0,0,,0,0,0,5,4,,30,2,0,,3,4,2,0,,2,2,2,2,1,1,1,2,1,1,1,1,1,1,1,16908,1,2,1,2,0,0,1
12B196,1,40085,4,1,0,1,14,221,1,44,4,3,1,1,1,1,2,1,2,1,5,4,,2,2,1,1,2,2,,2,0,2,1,1,,0,0,,0,0,0,0,0,0,0,0,0,,0,0,0,0,0,,1,3,,2,1,2,2,1,2,0,2,1,2,,0,0,0,1,3,,45,2,0,,3,4,1,0,,2,2,2,2,1,1,1,1,1,1,1,1,1,1,1,13364,1,2,1,2,0,2,1
11B196,1,40086,1,1,0,1,14,221,1,69,7,5,1,1,1,1,1,1,2,1,4,3,,2,2,1,1,2,2,,2,0,2,1,1,,2,4,,2,2,2,1,2,2,2,1,2,,2,0,2,1,2,,1,3,,1,1,2,2,1,2,0,2,1,2,,0,0,0,1,1,,90,2,0,,4,4,2,0,,2,2,2,2,1,1,1,1,1,2,1,1,1,1,1,8618,1,2,1,2,2,2,1
11B196,1,40086,3,1,0,2,14,221,2,41,3,3,1,1,2,2,2,2,2,1,0,0,,0,0,0,0,0,0,,0,0,0,0,0,,0,0,,0,0,0,0,0,0,0,0,0,,0,0,0,0,0,,0,0,,0,0,0,0,0,0,0,0,0,0,,0,0,0,1,4,,60,2,0,,3,4,2,0,,2,2,2,2,1,1,1,2,1,1,1,1,1,1,1,20239,3,3,1,0,0,0,2
11B196,1,40086,4,1,0,1,14,221,1,38,4,3,1,1,1,2,2,1,2,1,0,0,,0,0,0,0,0,0,,0,0,0,0,0,,0,0,,0,0,0,0,0,0,0,0,0,,0,0,0,0,0,,2,4,,2,1,2,2,1,2,0,2,1,2,,0,0,0,5,4,,15,2,0,,3,4,2,0,,2,2,2,2,1,1,1,1,1,1,1,1,1,1,1,14955,1,3,1,0,0,2,1
11B196,1,40086,2,1,0,3,14,221,1,39,3,3,1,1,1,2,1,2,2,1,0,0,,0,0,0,0,0,0,,0,0,0,0,0,,3,4,,2,2,2,1,2,2,2,1,2,,2,0,2,1,1,,0,0,,0,0,0,0,0,0,0,0,0,0,,0,0,0,1,4,,60,2,0,,2,3,1,0,,2,2,2,2,1,1,1,1,1,1,1,1,1,1,1,29911,1,3,1,0,2,0,1
12A192,1,40091,1,1,0,2,14,221,2,61,6,3,7,1,2,2,2,2,2,2,0,0,,0,0,0,0,0,0,,0,0,0,0,0,,0,0,,0,0,0,0,0,0,0,0,0,,0,0,0,0,0,,0,0,,0,0,0,0,0,0,0,0,0,0,,0,0,0,0,0,,0,0,0,,0,0,0,3,,2,2,2,2,2,2,2,0,1,1,1,2,1,2,2,14944,4,4,2,0,0,0,2
12A192,1,40091,4,1,0,1,14,221,1,56,7,5,1,1,1,1,2,2,2,1,2,4,,2,2,2,1,2,2,,1,0,1,1,1,,0,0,,0,0,0,0,0,0,0,0,0,,0,0,0,0,0,,0,0,,0,0,0,0,0,0,0,0,0,0,,0,0,0,5,4,,30,2,0,,2,3,1,0,,2,2,2,2,1,1,1,1,1,2,1,1,1,1,1,22191,1,2,1,3,0,0,1
11B187,1,40149,4,1,0,2,14,221,2,62,2,3,7,1,2,2,2,2,2,2,0,0,,0,0,0,0,0,0,,0,0,0,0,0,,0,0,,0,0,0,0,0,0,0,0,0,,0,0,0,0,0,,0,0,,0,0,0,0,0,0,0,0,0,0,,0,0,0,0,0,,0,0,0,,0,0,0,2,,2,2,2,2,2,2,2,0,2,0,1,2,1,1,2,31727,4,4,2,0,0,0,2
11B187,1,40149,3,1,0,1,14,221,2,55,3,3,1,1,2,2,2,2,2,2,0,0,,0,0,0,0,0,0,,0,0,0,0,0,,0,0,,0,0,0,0,0,0,0,0,0,,0,0,0,0,0,,0,0,,0,0,0,0,0,0,0,0,0,0,,0,0,0,0,0,,0,0,0,,0,0,0,3,,2,2,2,2,2,2,2,0,1,1,1,1,1,1,2,12691,4,4,2,0,0,0,2
11B187,1,40149,2,1,0,2,14,221,2,25,3,3,1,1,2,2,1,2,2,1,0,0,,0,0,0,0,0,0,,0,0,0,0,0,,2,4,,2,2,2,1,2,2,2,1,2,,2,0,1,2,1,,0,0,,0,0,0,0,0,0,0,0,0,0,,0,0,0,5,4,,15,2,0,,2,3,2,0,,2,2,2,2,1,1,1,2,1,1,1,1,1,1,1,12221,3,3,1,0,1,0,1
11B187,1,40149,1,1,0,3,14,221,2,32,4,3,7,1,2,2,2,2,2,1,0,0,,0,0,0,0,0,0,,0,0,0,0,0,,0,0,,0,0,0,0,0,0,0,0,0,,0,0,0,0,0,,0,0,,0,0,0,0,0,0,0,0,0,0,,0,0,0,5,4,,20,2,0,,2,3,2,0,,2,2,2,2,2,2,2,0,1,1,1,1,1,1,1,30553,3,3,1,0,0,0,2
12B194,1,40212,3,1,0,4,14,221,1,20,7,3,6,1,1,1,2,2,2,1,4,2,,2,1,2,1,1,2,,3,650,1,2,1,,0,0,,0,0,0,0,0,0,0,0,0,,0,0,0,0,0,,0,0,,0,0,0,0,0,0,0,0,0,0,,0,0,0,2,2,,40,2,0,,2,3,1,0,,2,2,2,2,1,1,1,2,1,2,1,1,1,1,1,64356,1,2,1,1,0,0,1
12B194,1,40212,2,1,0,1,14,221,1,39,7,5,1,1,1,1,2,2,2,1,4,3,,2,1,2,1,1,2,,2,0,1,2,1,,0,0,,0,0,0,0,0,0,0,0,0,,0,0,0,0,0,,0,0,,0,0,0,0,0,0,0,0,0,0,,0,0,0,2,3,,60,2,0,,3,3,2,0,,1,2,2,1,2,1,1,1,1,2,1,1,1,1,1,11937,1,2,1,1,0,0,1
12B194,1,40212,4,1,0,1,14,221,1,50,7,5,1,1,1,1,1,2,2,1,3,4,,2,1,2,1,1,2,,1,0,2,1,1,,2,4,,2,1,2,2,2,1,2,2,2,,1,0,2,1,1,,0,0,,0,0,0,0,0,0,0,0,0,0,,0,0,0,2,4,,30,2,0,,3,3,2,0,,2,2,2,2,2,1,1,2,1,2,1,1,1,1,1,24952,1,2,1,2,2,0,1
11B194,1,40272,4,1,0,2,14,221,2,41,3,3,1,1,2,2,2,2,2,1,0,0,,0,0,0,0,0,0,,0,0,0,0,0,,0,0,,0,0,0,0,0,0,0,0,0,,0,0,0,0,0,,0,0,,0,0,0,0,0,0,0,0,0,0,,0,0,0,5,4,,20,2,0,,2,3,2,0,,2,2,2,2,2,2,2,0,1,1,1,1,1,1,1,25628,3,3,1,0,0,0,2
11B194,1,40272,3,1,0,1,14,221,2,31,7,4,1,1,1,2,1,2,2,1,0,0,,0,0,0,0,0,0,,0,0,0,0,0,,2,4,,2,2,2,1,2,2,2,1,2,,2,0,1,2,1,,0,0,,0,0,0,0,0,0,0,0,0,0,,0,0,0,2,4,,30,2,0,,3,3,2,0,,2,2,2,2,2,2,2,0,1,1,1,1,1,1,1,12449,1,3,1,0,1,0,1
11B194,1,40272,2,1,0,1,14,221,1,48,3,3,1,1,2,2,2,2,2,2,0,0,,0,0,0,0,0,0,,0,0,0,0,0,,0,0,,0,0,0,0,0,0,0,0,0,,0,0,0,0,0,,0,0,,0,0,0,0,0,0,0,0,0,0,,0,0,0,0,0,,0,0,0,,0,0,0,3,,2,2,2,2,2,2,2,0,1,1,1,2,1,1,2,7422,4,4,2,0,0,0,2
11B194,1,40272,1,1,0,1,14,221,1,31,3,3,1,1,2,2,2,1,2,2,0,0,,0,0,0,0,0,0,,0,0,0,0,0,,0,0,,0,0,0,0,0,0,0,0,0,,0,0,0,0,0,,1,4,,1,2,1,1,1,2,0,1,2,2,,0,0,0,0,0,,10,2,0,,2,3,2,0,,2,2,2,2,2,2,2,0,1,1,1,1,1,1,1,22203,3,3,1,0,0,1,1
11B188,1,40278,2,1,0,2,14,221,2,46,3,3,7,1,2,2,2,2,2,2,0,0,,0,0,0,0,0,0,,0,0,0,0,0,,0,0,,0,0,0,0,0,0,0,0,0,,0,0,0,0,0,,0,0,,0,0,0,0,0,0,0,0,0,0,,0,0,0,0,0,,0,0,0,,0,0,0,3,,2,2,2,2,2,2,2,0,1,1,1,2,1,1,2,25895,4,4,2,0,0,0,2
11B188,1,40278,4,1,0,2,14,221,2,43,7,5,1,1,1,1,2,2,2,1,3,4,,2,1,2,1,2,2,,2,0,1,2,1,,0,0,,0,0,0,0,0,0,0,0,0,,0,0,0,0,0,,0,0,,0,0,0,0,0,0,0,0,0,0,,0,0,0,2,1,,40,2,0,,2,3,1,0,,1,1,2,2,2,1,1,2,1,1,1,1,1,1,1,20776,1,2,1,1,0,0,1
11B188,1,40278,1,1,0,2,14,221,2,71,2,5,7,1,2,2,2,2,2,2,0,0,,0,0,0,0,0,0,,0,0,0,0,0,,0,0,,0,0,0,0,0,0,0,0,0,,0,0,0,0,0,,0,0,,0,0,0,0,0,0,0,0,0,0,,0,0,0,0,0,,0,0,0,,0,0,0,5,,2,2,2,2,2,2,2,0,1,1,1,2,1,2,2,24703,4,4,2,0,0,0,2
11B188,1,40278,3,1,0,1,14,221,2,47,4,3,1,1,2,2,2,2,2,2,0,0,,0,0,0,0,0,0,,0,0,0,0,0,,0,0,,0,0,0,0,0,0,0,0,0,,0,0,0,0,0,,0,0,,0,0,0,0,0,0,0,0,0,0,,0,0,0,0,0,,0,0,0,,0,0,0,3,,2,2,2,2,2,2,2,0,1,1,1,1,1,1,1,12948,4,4,2,0,0,0,2
12B188,1,40283,1,1,0,1,14,221,2,42,4,3,1,1,2,2,2,2,2,2,0,0,,0,0,0,0,0,0,,0,0,0,0,0,,0,0,,0,0,0,0,0,0,0,0,0,,0,0,0,0,0,,0,0,,0,0,0,0,0,0,0,0,0,0,,0,0,0,0,0,,0,0,0,,0,0,0,3,,2,2,2,2,2,1,1,2,1,1,1,1,1,1,1,15075,4,4,2,0,0,0,2
12B188,1,40283,2,1,0,4,14,221,2,20,4,3,6,1,1,1,2,2,2,1,3,2,,2,1,2,2,1,2,,2,0,2,1,1,,0,0,,0,0,0,0,0,0,0,0,0,,0,0,0,0,0,,0,0,,0,0,0,0,0,0,0,0,0,0,,0,0,0,2,2,,30,2,0,,2,3,1,0,,1,2,2,2,1,1,1,2,1,1,1,1,1,1,1,41673,1,2,1,2,0,0,1
12B188,1,40283,4,1,0,1,14,221,1,31,4,3,1,1,2,2,2,2,2,2,0,0,,0,0,0,0,0,0,,0,0,0,0,0,,0,0,,0,0,0,0,0,0,0,0,0,,0,0,0,0,0,,0,0,,0,0,0,0,0,0,0,0,0,0,,0,0,0,0,0,,0,0,0,,0,0,0,2,,2,2,2,2,2,1,1,2,1,1,1,1,1,1,1,8707,4,4,2,0,0,0,2
12B188,1,40283,3,1,0,4,14,221,1,23,7,3,1,1,1,1,2,2,2,1,4,4,,2,1,2,1,2,2,,2,0,2,1,1,,0,0,,0,0,0,0,0,0,0,0,0,,0,0,0,0,0,,0,0,,0,0,0,0,0,0,0,0,0,0,,0,0,0,2,4,,30,2,0,,2,3,2,0,,2,2,1,1,1,1,1,2,1,2,1,1,1,1,1,27024,1,2,1,2,0,0,1
11B195,1,40341,1,1,0,2,14,221,1,51,2,6,1,1,2,2,2,1,2,2,0,0,,0,0,0,0,0,0,,0,0,0,0,0,,0,0,,0,0,0,0,0,0,0,0,0,,0,0,0,0,0,,1,4,,1,2,1,2,1,2,0,2,1,1,,0,0,0,0,0,,15,2,0,,2,3,2,0,,2,2,2,2,2,1,1,2,1,1,1,2,1,1,2,15481,3,3,1,0,0,2,1
11B195,1,40341,2,1,0,1,14,221,1,50,3,3,1,1,1,1,2,2,2,2,1,5,,2,2,1,2,2,2,,2,0,1,2,1,,0,0,,0,0,0,0,0,0,0,0,0,,0,0,0,0,0,,0,0,,0,0,0,0,0,0,0,0,0,0,,0,0,0,0,0,,20,2,0,,2,2,2,0,,2,2,2,2,2,2,2,0,1,1,1,2,1,2,2,38702,1,1,1,1,0,0,1
11B195,1,40341,3,1,0,3,14,221,2,34,7,4,7,1,2,2,2,2,2,1,0,0,,0,0,0,0,0,0,,0,0,0,0,0,,0,0,,0,0,0,0,0,0,0,0,0,,0,0,0,0,0,,0,0,,0,0,0,0,0,0,0,0,0,0,,0,0,0,5,4,,15,2,0,,2,3,2,0,,2,2,2,2,1,1,1,2,1,1,1,1,1,1,1,19475,3,3,1,0,0,0,2
11B195,1,40341,4,1,0,1,14,221,1,54,2,3,1,1,2,2,2,2,2,2,0,0,,0,0,0,0,0,0,,0,0,0,0,0,,0,0,,0,0,0,0,0,0,0,0,0,,0,0,0,0,0,,0,0,,0,0,0,0,0,0,0,0,0,0,,0,0,0,0,0,,0,0,0,,0,0,0,3,,2,2,2,2,2,2,2,0,1,1,1,2,1,1,2,23222,4,4,2,0,0,0,2
11A191,1,40410,1,1,0,1,14,221,1,36,3,3,1,1,2,2,2,2,2,2,0,0,,0,0,0,0,0,0,,0,0,0,0,0,,0,0,,0,0,0,0,0,0,0,0,0,,0,0,0,0,0,,0,0,,0,0,0,0,0,0,0,0,0,0,,0,0,0,0,0,,0,0,0,,0,0,0,3,,2,2,2,2,2,1,1,2,1,1,1,1,1,1,1,13871,4,4,2,0,0,0,2
11A191,1,40410,2,1,0,1,14,221,1,47,3,3,1,1,2,2,2,2,2,2,0,0,,0,0,0,0,0,0,,0,0,0,0,0,,0,0,,0,0,0,0,0,0,0,0,0,,0,0,0,0,0,,0,0,,0,0,0,0,0,0,0,0,0,0,,0,0,0,0,0,,0,0,0,,0,0,0,3,,2,2,2,2,2,2,2,0,1,1,1,1,1,1,1,14497,4,4,2,0,0,0,2
11A191,1,40410,4,1,0,3,14,221,2,19,4,2,1,1,1,1,2,2,2,1,1,4,,2,2,2,1,2,2,,2,0,1,2,1,,0,0,,0,0,0,0,0,0,0,0,0,,0,0,0,0,0,,0,0,,0,0,0,0,0,0,0,0,0,0,,0,0,0,2,3,,40,2,0,,2,3,1,0,,2,2,2,2,1,1,1,2,1,1,1,1,1,1,1,25947,1,2,1,1,0,0,1
11A191,1,40410,3,1,0,2,14,221,2,28,2,5,1,1,2,2,2,2,2,2,0,0,,0,0,0,0,0,0,,0,0,0,0,0,,0,0,,0,0,0,0,0,0,0,0,0,,0,0,0,0,0,,0,0,,0,0,0,0,0,0,0,0,0,0,,0,0,0,0,0,,0,0,0,,0,0,0,2,,2,2,2,2,2,2,2,0,1,1,1,1,1,1,1,6079,4,4,2,0,0,0,2
11A192,2,40030,1,1,0,1,21,221,1,50,3,3,1,1,1,2,2,1,2,2,0,0,,0,0,0,0,0,0,,0,0,0,0,0,,0,0,,0,0,0,0,0,0,0,0,0,,0,0,0,0,0,,2,4,,1,1,1,2,1,3,15,2,1,2,,0,0,0,0,0,,30,2,0,,3,3,2,0,,1,2,2,2,2,2,2,0,2,0,1,1,2,1,2,23817,1,3,1,0,0,2,1
11A192,2,40030,4,1,0,2,21,221,2,40,2,6,1,1,2,2,2,2,2,2,0,0,,0,0,0,0,0,0,,0,0,0,0,0,,0,0,,0,0,0,0,0,0,0,0,0,,0,0,0,0,0,,0,0,,0,0,0,0,0,0,0,0,0,0,,0,0,0,0,0,,0,0,0,,0,0,0,3,,2,2,2,2,2,2,2,0,2,0,1,3,2,2,2,20560,4,4,2,0,0,0,2
12B193,2,40047,3,1,0,1,21,221,1,26,3,3,1,1,1,2,2,2,2,1,0,0,,0,0,0,0,0,0,,0,0,0,0,0,,0,0,,0,0,0,0,0,0,0,0,0,,0,0,0,0,0,,0,0,,0,0,0,0,0,0,0,0,0,0,,0,0,0,1,4,,30,2,0,,2,4,2,0,,2,2,2,2,2,2,2,0,2,0,1,1,2,1,1,8079,1,3,1,0,0,0,2
12B193,2,40047,2,1,1,1,21,221,1,43,3,3,1,1,2,2,2,2,2,2,0,0,,0,0,0,0,0,0,,0,0,0,0,0,,0,0,,0,0,0,0,0,0,0,0,0,,0,0,0,0,0,,0,0,,0,0,0,0,0,0,0,0,0,0,,0,0,0,0,0,,0,0,0,,0,0,0,1,,2,2,2,2,2,2,2,0,2,0,1,3,2,2,2,7752,4,4,2,0,0,0,2
12B193,2,40047,1,1,0,1,21,221,1,25,4,2,1,1,1,2,1,1,2,1,0,0,,0,0,0,0,0,0,,0,0,0,0,0,,4,3,,2,2,1,2,2,1,2,2,2,,2,0,2,1,2,,6,3,,1,2,2,2,1,2,0,2,1,2,,0,0,0,3,4,,30,1,6,,3,3,1,0,,1,2,2,2,2,2,2,0,2,0,1,1,1,1,1,8079,1,3,1,0,2,2,1
11B196,2,40055,2,1,0,1,21,221,1,31,3,3,1,1,1,1,2,2,2,2,5,4,,2,2,2,1,2,2,,3,500,2,1,1,,0,0,,0,0,0,0,0,0,0,0,0,,0,0,0,0,0,,0,0,,0,0,0,0,0,0,0,0,0,0,,0,0,0,0,0,,60,1,1,,4,4,1,0,,2,1,2,1,2,2,2,0,1,1,1,1,1,1,2,21823,1,1,1,2,0,0,1
12A192,2,40060,4,1,0,2,21,221,2,45,7,5,1,1,1,1,2,2,2,2,3,3,,2,2,2,2,1,2,,3,800,2,1,1,,0,0,,0,0,0,0,0,0,0,0,0,,0,0,0,0,0,,0,0,,0,0,0,0,0,0,0,0,0,0,,0,0,0,0,0,,30,2,0,,3,3,2,0,,2,2,2,2,1,1,1,1,1,1,1,1,1,1,1,14833,1,1,1,2,0,0,1
12A192,2,40060,3,1,0,2,21,221,2,44,3,3,1,1,2,2,2,2,2,2,0,0,,0,0,0,0,0,0,,0,0,0,0,0,,0,0,,0,0,0,0,0,0,0,0,0,,0,0,0,0,0,,0,0,,0,0,0,0,0,0,0,0,0,0,,0,0,0,0,0,,0,0,0,,0,0,0,3,,2,2,2,2,2,2,2,0,1,1,1,1,1,2,2,23801,4,4,2,0,0,0,2
12A192,2,40060,2,1,0,2,21,221,2,34,7,4,1,1,2,2,1,2,2,2,0,0,,0,0,0,0,0,0,,0,0,0,0,0,,4,3,,2,2,2,1,2,2,2,1,2,,3,60,2,1,4,,0,0,,0,0,0,0,0,0,0,0,0,0,,0,0,0,0,0,,15,2,0,,3,3,2,0,,1,2,2,1,1,1,1,2,1,2,1,1,1,1,1,23123,3,3,1,0,2,0,1
12A192,2,40060,1,1,0,1,21,221,2,41,2,6,1,1,1,1,1,2,2,2,6,2,,2,1,2,1,1,2,,1,0,1,2,1,,2,4,,2,2,1,1,2,2,2,2,2,,1,0,1,2,1,,0,0,,0,0,0,0,0,0,0,0,0,0,,0,0,0,0,0,,20,2,0,,2,3,2,0,,2,2,2,2,3,3,3,0,1,1,1,2,2,2,2,7933,1,2,1,1,1,0,1
12B196,2,40086,2,1,0,1,21,221,2,26,4,3,1,1,2,2,1,2,2,2,0,0,,0,0,0,0,0,0,,0,0,0,0,0,,1,1,,2,2,1,2,2,2,2,2,2,,2,0,2,1,2,,0,0,,0,0,0,0,0,0,0,0,0,0,,0,0,0,0,0,,20,2,0,,2,3,1,0,,2,2,2,2,1,1,1,1,1,1,1,1,1,1,1,6116,3,3,1,0,2,0,1
12B196,2,40086,4,1,0,1,21,221,1,40,4,3,1,1,2,2,2,2,2,2,0,0,,0,0,0,0,0,0,,0,0,0,0,0,,0,0,,0,0,0,0,0,0,0,0,0,,0,0,0,0,0,,0,0,,0,0,0,0,0,0,0,0,0,0,,0,0,0,0,0,,0,0,0,,0,0,0,3,,2,2,2,2,3,1,2,0,1,1,1,1,1,1,1,27912,4,4,2,0,0,0,2
12B196,2,40086,1,1,0,1,21,221,1,36,7,4,1,1,2,2,2,2,2,2,0,0,,0,0,0,0,0,0,,0,0,0,0,0,,0,0,,0,0,0,0,0,0,0,0,0,,0,0,0,0,0,,0,0,,0,0,0,0,0,0,0,0,0,0,,0,0,0,0,0,,0,0,0,,0,0,0,1,,2,2,2,2,2,1,1,2,1,1,1,1,1,1,1,6978,4,4,2,0,0,0,2
12B187,2,40120,1,1,0,1,21,221,2,92,5,3,8,1,1,1,2,2,2,2,2,4,,2,2,2,1,1,2,,2,0,2,1,1,,0,0,,0,0,0,0,0,0,0,0,0,,0,0,0,0,0,,0,0,,0,0,0,0,0,0,0,0,0,0,,0,0,0,0,0,,60,2,0,,2,3,2,0,,2,2,2,2,2,2,2,0,1,1,1,3,3,3,2,6469,1,1,1,2,0,0,1
12B187,2,40120,2,1,0,3,21,221,2,44,3,3,1,1,2,2,2,2,1,2,0,0,,0,0,0,0,0,0,,0,0,0,0,0,,0,0,,0,0,0,0,0,0,0,0,0,,0,0,0,0,0,,0,0,,0,0,0,0,0,0,0,0,0,0,,2,2,1,0,0,,20,2,0,,2,3,2,0,,2,2,2,2,2,2,2,0,2,0,1,1,1,2,1,5440,3,3,1,0,0,0,2
12B187,2,40120,4,1,0,1,21,221,2,32,7,4,1,1,2,2,2,2,2,2,0,0,,0,0,0,0,0,0,,0,0,0,0,0,,0,0,,0,0,0,0,0,0,0,0,0,,0,0,0,0,0,,0,0,,0,0,0,0,0,0,0,0,0,0,,0,0,0,0,0,,0,0,0,,0,0,0,5,,2,2,2,1,2,1,1,2,1,4,1,2,1,2,2,5285,4,4,2,0,0,0,2
12B194,2,40271,4,1,0,1,21,221,1,45,2,3,1,1,2,2,2,2,2,2,0,0,,0,0,0,0,0,0,,0,0,0,0,0,,0,0,,0,0,0,0,0,0,0,0,0,,0,0,0,0,0,,0,0,,0,0,0,0,0,0,0,0,0,0,,0,0,0,0,0,,0,0,0,,0,0,0,3,,2,2,2,2,2,1,2,0,1,1,1,2,2,2,2,17119,4,4,2,0,0,0,2
12B194,2,40271,3,1,0,2,21,221,2,20,2,6,7,1,1,1,2,2,2,2,2,4,,2,2,1,2,2,2,,3,100,2,1,1,,0,0,,0,0,0,0,0,0,0,0,0,,0,0,0,0,0,,0,0,,0,0,0,0,0,0,0,0,0,0,,0,0,0,0,0,,60,2,0,,2,3,2,0,,2,2,2,2,2,2,2,0,2,0,1,1,2,1,1,20426,1,1,1,2,0,0,1
12B194,2,40271,2,1,0,1,21,221,1,24,3,3,1,1,2,2,2,2,2,2,0,0,,0,0,0,0,0,0,,0,0,0,0,0,,0,0,,0,0,0,0,0,0,0,0,0,,0,0,0,0,0,,0,0,,0,0,0,0,0,0,0,0,0,0,,0,0,0,0,0,,0,0,0,,0,0,0,3,,2,2,2,2,1,1,1,2,1,1,1,1,1,1,1,17661,4,4,2,0,0,0,2
11B194,2,40272,1,1,0,1,21,221,2,67,3,1,1,1,1,2,2,2,2,2,0,0,,0,0,0,0,0,0,,0,0,0,0,0,,0,0,,0,0,0,0,0,0,0,0,0,,0,0,0,0,0,,0,0,,0,0,0,0,0,0,0,0,0,0,,0,0,0,0,0,,0,0,0,,0,0,0,2,,2,2,2,2,2,2,2,0,1,2,1,1,1,1,1,9360,2,4,2,0,0,0,2
11B188,2,40280,1,1,0,1,21,221,1,41,4,3,1,1,1,2,1,1,2,2,0,0,,0,0,0,0,0,0,,0,0,0,0,0,,3,3,,1,2,2,2,2,2,2,2,2,,3,360,2,1,1,,2,4,,2,1,2,2,2,3,22,2,1,1,,0,0,0,0,0,,60,2,0,,4,3,2,0,,2,2,2,2,1,2,2,0,1,1,1,2,2,1,2,8341,1,3,1,0,2,2,1
11B188,2,40280,4,1,0,1,21,221,1,50,0, ,1,2,0,0,0,0,0,0,0,0,,0,0,0,0,0,0,,0,0,0,0,0,,0,0,,0,0,0,0,0,0,0,0,0,,0,0,0,0,0,,0,0,,0,0,0,0,0,0,0,0,0,0,,0,0,0,0,0,,0,0,0,,0,0,0,0,,0,0,0,0,0,0,0,0,0,0,0,0,0,0,0,4360,0,0,0,0,0,0,0
11B188,2,40280,2,1,1,1,21,221,1,52,3,2,1,1,1,2,2,1,2,2,0,0,,0,0,0,0,0,0,,0,0,0,0,0,,0,0,,0,0,0,0,0,0,0,0,0,,0,0,0,0,0,,7,3,,1,1,1,1,1,3,60,2,1,1,,0,0,0,0,0,,30,2,0,,4,4,2,0,,2,2,2,2,2,1,1,1,3,0,1,1,1,1,1,4360,1,3,1,0,0,2,1
12B188,2,40283,2,1,0,1,21,221,1,64,7,4,8,1,2,2,2,1,2,1,0,0,,0,0,0,0,0,0,,0,0,0,0,0,,0,0,,0,0,0,0,0,0,0,0,0,,0,0,0,0,0,,5,3,,1,1,1,1,1,1,0,1,2,1,,0,0,0,1,3,,60,2,0,,2,4,2,0,,2,2,2,2,2,1,1,2,1,5,1,1,1,1,1,22643,3,3,1,0,0,1,1
12B188,2,40283,4,1,0,1,21,221,2,69,4,3,7,1,1,2,1,1,2,2,0,0,,0,0,0,0,0,0,,0,0,0,0,0,,5,3,,2,2,2,1,2,2,2,2,2,,2,0,2,1,1,,7,3,,1,1,1,1,1,3,30,1,1,1,,0,0,0,0,0,,30,2,0,,2,4,2,0,,2,2,2,2,2,1,2,0,1,5,1,1,1,1,1,35944,1,3,1,0,2,3,1
12B188,2,40283,1,1,0,1,21,221,1,73,9,2,8,1,1,1,1,1,2,1,3,4,,2,1,2,1,2,2,,2,0,2,1,1,,4,3,,2,1,2,1,2,1,1,2,2,,1,0,1,2,1,,5,3,,1,1,1,2,1,1,0,1,2,1,,0,0,0,1,3,,180,2,0,,4,3,1,0,,2,2,2,2,1,1,1,2,1,5,1,1,1,1,1,19309,1,2,1,2,1,1,1
13A191,2,40342,1,1,0,1,21,221,1,33,7,4,4,1,1,1,2,2,2,2,3,3,,2,1,2,1,1,2,,3,800,2,1,1,,0,0,,0,0,0,0,0,0,0,0,0,,0,0,0,0,0,,0,0,,0,0,0,0,0,0,0,0,0,0,,0,0,0,0,0,,40,2,0,,4,4,1,0,,2,2,2,2,1,1,1,1,1,1,1,1,1,1,1,9847,1,1,1,2,0,0,1
13A191,2,40342,2,1,0,5,21,221,2,22,7,3,1,1,1,1,2,2,2,1,1,4,,2,1,2,2,2,2,,1,0,1,2,1,,0,0,,0,0,0,0,0,0,0,0,0,,0,0,0,0,0,,0,0,,0,0,0,0,0,0,0,0,0,0,,0,0,0,2,4,,25,2,0,,2,3,2,0,,2,2,2,2,1,2,1,2,1,1,1,1,1,1,1,23565,1,2,1,1,0,0,1
11B195,2,40371,4,1,0,2,21,221,2,36,3,3,7,2,0,0,0,0,0,0,0,0,,0,0,0,0,0,0,,0,0,0,0,0,,0,0,,0,0,0,0,0,0,0,0,0,,0,0,0,0,0,,0,0,,0,0,0,0,0,0,0,0,0,0,,0,0,0,0,0,,0,0,0,,0,0,0,0,,0,0,0,0,0,0,0,0,0,0,0,0,0,0,0,7443,0,0,0,0,0,0,0
11B195,2,40371,1,1,0,1,21,221,1,59,7,4,1,1,1,1,2,2,2,2,10,4,,2,2,2,1,1,2,,2,0,2,1,1,,0,0,,0,0,0,0,0,0,0,0,0,,0,0,0,0,0,,0,0,,0,0,0,0,0,0,0,0,0,0,,0,0,0,0,0,,15,2,0,,1,4,2,0,,2,2,2,2,2,1,1,2,1,5,1,1,1,1,2,3717,1,1,1,2,0,0,1
11B195,2,40371,2,1,0,1,21,221,2,59,3,3,1,1,2,2,2,2,2,2,0,0,,0,0,0,0,0,0,,0,0,0,0,0,,0,0,,0,0,0,0,0,0,0,0,0,,0,0,0,0,0,,0,0,,0,0,0,0,0,0,0,0,0,0,,0,0,0,0,0,,0,0,0,,0,0,0,1,,2,2,2,2,2,2,2,0,2,0,1,2,2,1,2,3755,4,4,2,0,0,0,2
11B195,2,40371,3,1,0,1,21,221,2,50,2,6,1,1,2,2,2,1,2,2,0,0,,0,0,0,0,0,0,,0,0,0,0,0,,0,0,,0,0,0,0,0,0,0,0,0,,0,0,0,0,0,,1,3,,2,2,1,1,2,3,7,2,1,1,,0,0,0,0,0,,5,2,0,,2,4,2,0,,2,2,2,2,1,1,1,3,1,1,1,1,1,1,1,6958,3,3,1,0,0,2,1
13B195,2,40374,4,1,0,2,21,221,2,35,3,3,7,1,1,1,2,2,1,2,2,2,,2,2,2,1,2,2,,3,80,2,1,1,,0,0,,0,0,0,0,0,0,0,0,0,,0,0,0,0,0,,0,0,,0,0,0,0,0,0,0,0,0,0,,5,2,1,0,0,,20,2,0,,2,3,1,0,,2,2,2,2,2,1,1,1,1,1,1,1,1,1,1,15860,1,2,1,2,0,0,1
13B195,2,40374,3,1,0,2,21,221,2,35,3,3,1,1,2,1,1,2,2,2,1,1,,1,2,2,2,2,2,,1,0,2,1,1,,1,3,,2,2,2,1,2,2,2,2,2,,3,50,2,1,1,,0,0,,0,0,0,0,0,0,0,0,0,0,,0,0,0,0,0,,20,2,0,,2,3,2,0,,2,2,2,2,2,1,1,2,1,1,1,2,2,1,2,15860,3,2,1,2,2,0,1
13B195,2,40374,1,1,0,3,21,221,1,27,7,5,1,1,1,2,2,2,2,2,0,0,,0,0,0,0,0,0,,0,0,0,0,0,,0,0,,0,0,0,0,0,0,0,0,0,,0,0,0,0,0,,0,0,,0,0,0,0,0,0,0,0,0,0,,0,0,0,0,0,,0,0,0,,0,0,0,3,,2,2,2,2,2,1,1,2,1,1,1,1,1,1,1,36640,2,4,2,0,0,0,2
11A191,2,40378,1,1,0,1,21,221,1,31,4,3,4,1,2,2,2,2,2,2,0,0,,0,0,0,0,0,0,,0,0,0,0,0,,0,0,,0,0,0,0,0,0,0,0,0,,0,0,0,0,0,,0,0,,0,0,0,0,0,0,0,0,0,0,,0,0,0,0,0,,0,0,0,,0,0,0,3,,2,2,2,2,1,1,1,2,1,1,1,1,1,1,1,14044,4,4,2,0,0,0,2
11A191,2,40378,2,1,0,5,21,221,2,25,3,3,1,1,2,2,2,2,2,2,0,0,,0,0,0,0,0,0,,0,0,0,0,0,,0,0,,0,0,0,0,0,0,0,0,0,,0,0,0,0,0,,0,0,,0,0,0,0,0,0,0,0,0,0,,0,0,0,0,0,,0,0,0,,0,0,0,3,,2,2,2,2,3,1,2,0,1,1,1,1,1,1,1,35432,4,4,2,0,0,0,2
11A191,2,40378,4,1,0,2,21,221,2,33,2,4,1,1,1,1,1,1,2,2,2,2,,2,1,2,2,2,2,,2,0,2,1,1,,2,4,,2,2,1,2,2,2,2,2,2,,2,0,2,1,1,,1,4,,2,2,1,2,2,3,11,2,1,1,,0,0,0,0,0,,20,2,0,,2,4,1,0,,2,2,2,2,2,2,2,0,1,1,1,2,2,2,1,11811,1,2,1,2,2,2,1
11A191,2,40378,3,1,0,1,21,221,1,67,1,6,4,1,1,2,2,1,2,2,0,0,,0,0,0,0,0,0,,0,0,0,0,0,,0,0,,0,0,0,0,0,0,0,0,0,,0,0,0,0,0,,1,3,,1,2,2,2,2,3,10,2,1,1,,0,0,0,0,0,,10,2,0,,2,2,1,0,,2,2,2,2,2,1,1,2,1,1,1,1,1,1,1,15530,1,3,1,0,0,2,1
13B193,3,40070,1,1,0,2,40,221,2,39,7,5,1,1,1,1,1,2,2,1,1,3,,2,2,2,1,2,2,,1,0,1,2,1,,1,3,,2,2,1,2,2,2,2,2,2,,1,0,1,2,1,,0,0,,0,0,0,0,0,0,0,0,0,0,,0,0,0,2,3,,30,2,0,,3,3,2,0,,1,2,2,2,1,1,1,2,1,1,1,2,1,1,1,13660,1,2,1,1,1,0,1
13B193,3,40070,2,1,0,1,40,221,2,70,6,3,8,1,2,2,2,2,2,2,0,0,,0,0,0,0,0,0,,0,0,0,0,0,,0,0,,0,0,0,0,0,0,0,0,0,,0,0,0,0,0,,0,0,,0,0,0,0,0,0,0,0,0,0,,0,0,0,0,0,,0,0,0,,0,0,0,5,,2,2,2,2,2,2,2,0,2,0,1,2,2,2,2,8121,4,4,2,0,0,0,2
13B193,3,40070,4,1,0,2,40,221,2,68,6,3,7,1,1,1,1,2,2,2,1,3,,2,2,2,1,2,2,,2,0,2,1,2,,2,3,,2,2,1,2,2,2,2,2,2,,2,0,2,1,1,,0,0,,0,0,0,0,0,0,0,0,0,0,,0,0,0,0,0,,30,2,0,,2,3,2,0,,2,2,2,2,2,2,2,0,2,0,1,2,2,2,2,24363,1,2,1,2,2,0,1
12A192,3,40110,2,1,0,2,40,221,2,31,4,2,7,1,2,2,2,2,2,2,0,0,,0,0,0,0,0,0,,0,0,0,0,0,,0,0,,0,0,0,0,0,0,0,0,0,,0,0,0,0,0,,0,0,,0,0,0,0,0,0,0,0,0,0,,0,0,0,0,0,,0,0,0,,0,0,0,1,,2,2,2,2,2,2,2,0,2,0,1,2,2,1,2,13597,4,4,2,0,0,0,2
12A192,3,40110,4,1,0,1,40,221,1,40,8,2,1,1,1,1,1,2,2,1,2,3,,2,2,2,2,1,2,,1,0,1,2,1,,12,3,,2,2,2,2,2,1,1,2,2,,1,0,1,2,1,,0,0,,0,0,0,0,0,0,0,0,0,0,,0,0,0,2,3,,30,2,0,,3,3,2,0,,2,2,2,2,1,1,2,0,1,1,1,2,1,2,1,15512,1,2,1,1,1,0,1
12A192,3,40110,3,1,0,2,40,221,1,51,4,3,1,1,1,2,2,1,2,2,0,0,,0,0,0,0,0,0,,0,0,0,0,0,,0,0,,0,0,0,0,0,0,0,0,0,,0,0,0,0,0,,5,4,,1,1,1,1,1,2,0,2,1,2,,0,0,0,0,0,,25,2,0,,2,3,2,0,,2,2,2,2,2,2,2,0,2,0,1,1,2,1,1,16213,1,3,1,0,0,2,1
12B196,3,40129,3,1,0,1,40,221,2,31,4,3,1,1,1,2,2,2,2,1,0,0,,0,0,0,0,0,0,,0,0,0,0,0,,0,0,,0,0,0,0,0,0,0,0,0,,0,0,0,0,0,,0,0,,0,0,0,0,0,0,0,0,0,0,,0,0,0,5,4,,30,2,0,,3,3,2,0,,2,2,2,1,2,2,2,0,1,1,1,1,1,1,1,7750,1,3,1,0,0,0,2
12B196,3,40129,1,1,0,2,40,221,1,29,4,1,1,1,1,2,2,2,2,1,0,0,,0,0,0,0,0,0,,0,0,0,0,0,,0,0,,0,0,0,0,0,0,0,0,0,,0,0,0,0,0,,0,0,,0,0,0,0,0,0,0,0,0,0,,0,0,0,5,4,,30,2,0,,3,3,2,0,,2,2,2,2,2,1,2,0,2,0,1,1,2,1,1,18430,1,3,1,0,0,0,2
12B196,3,40129,2,1,0,1,40,221,2,32,4,3,1,1,1,2,2,2,2,1,0,0,,0,0,0,0,0,0,,0,0,0,0,0,,0,0,,0,0,0,0,0,0,0,0,0,,0,0,0,0,0,,0,0,,0,0,0,0,0,0,0,0,0,0,,0,0,0,2,3,,30,2,0,,3,3,2,0,,2,2,2,2,2,2,1,2,2,0,1,1,1,2,1,15500,1,3,1,0,0,0,2
12B196,3,40129,4,1,0,2,40,221,2,52,2,6,1,1,1,2,1,2,2,1,0,0,,0,0,0,0,0,0,,0,0,0,0,0,,2,1,,2,2,2,2,2,1,2,2,2,,3,40,2,1,1,,0,0,,0,0,0,0,0,0,0,0,0,0,,0,0,0,5,4,,25,2,0,,3,3,2,0,,2,2,2,2,1,1,2,0,2,0,1,1,2,1,2,29830,1,3,1,0,2,0,1
13B187,3,40131,1,1,0,1,40,221,1,75,2,4,1,1,2,2,2,2,2,2,0,0,,0,0,0,0,0,0,,0,0,0,0,0,,0,0,,0,0,0,0,0,0,0,0,0,,0,0,0,0,0,,0,0,,0,0,0,0,0,0,0,0,0,0,,0,0,0,0,0,,0,0,0,,0,0,0,5,,2,2,2,2,2,2,2,0,3,0,1,2,2,2,2,23163,4,4,2,0,0,0,2
13B187,3,40131,2,1,0,3,40,221,2,29,2,5,1,1,2,2,2,2,2,2,0,0,,0,0,0,0,0,0,,0,0,0,0,0,,0,0,,0,0,0,0,0,0,0,0,0,,0,0,0,0,0,,0,0,,0,0,0,0,0,0,0,0,0,0,,0,0,0,0,0,,0,0,0,,0,0,0,1,,2,2,2,2,2,2,1,2,1,1,1,2,1,2,1,35233,4,4,2,0,0,0,2
13B187,3,40131,4,1,0,1,40,221,1,73,2,6,1,2,0,0,0,0,0,0,0,0,,0,0,0,0,0,0,,0,0,0,0,0,,0,0,,0,0,0,0,0,0,0,0,0,,0,0,0,0,0,,0,0,,0,0,0,0,0,0,0,0,0,0,,0,0,0,0,0,,0,0,0,,0,0,0,0,,0,0,0,0,0,0,0,0,0,0,0,0,0,0,0,46328,0,0,0,0,0,0,0
13B187,3,40131,3,1,0,1,40,221,2,26,2,6,7,1,1,2,2,2,2,1,0,0,,0,0,0,0,0,0,,0,0,0,0,0,,0,0,,0,0,0,0,0,0,0,0,0,,0,0,0,0,0,,0,0,,0,0,0,0,0,0,0,0,0,0,,0,0,0,3,4,,30,2,0,,4,3,1,0,,2,2,2,2,2,2,2,0,2,0,1,1,1,1,1,35233,1,3,1,0,0,0,2
12B194,3,40208,3,1,0,2,40,221,1,24,7,5,6,1,1,1,2,2,2,1,3,2,,2,1,2,2,2,2,,1,0,1,2,1,,0,0,,0,0,0,0,0,0,0,0,0,,0,0,0,0,0,,0,0,,0,0,0,0,0,0,0,0,0,0,,0,0,0,1,2,,60,2,0,,3,3,2,0,,2,2,2,2,1,1,1,2,1,1,1,1,1,1,1,19185,1,2,1,1,0,0,1
12B194,3,40208,4,1,0,2,40,221,1,36,4,3,1,1,1,2,2,2,2,1,0,0,,0,0,0,0,0,0,,0,0,0,0,0,,0,0,,0,0,0,0,0,0,0,0,0,,0,0,0,0,0,,0,0,,0,0,0,0,0,0,0,0,0,0,,0,0,0,1,4,,40,2,0,,2,3,2,0,,2,2,2,2,1,2,2,0,2,0,1,1,2,1,1,17792,1,3,1,0,0,0,2
12B194,3,40208,2,1,0,1,40,221,1,73,8,3,7,1,1,1,2,2,2,2,2,3,,2,1,2,2,2,2,,2,0,2,1,1,,0,0,,0,0,0,0,0,0,0,0,0,,0,0,0,0,0,,0,0,,0,0,0,0,0,0,0,0,0,0,,0,0,0,0,0,,30,2,0,,3,3,2,0,,2,2,2,2,2,2,2,0,2,0,1,2,2,1,1,10254,1,1,1,2,0,0,1
12B194,3,40208,1,1,0,2,40,221,2,24,7,4,1,1,1,2,1,2,2,1,0,0,,0,0,0,0,0,0,,0,0,0,0,0,,2,1,,2,2,2,1,2,1,2,2,2,,1,0,1,2,1,,0,0,,0,0,0,0,0,0,0,0,0,0,,0,0,0,2,1,,30,2,0,,3,3,2,0,,1,2,2,2,1,2,1,2,1,1,1,1,1,1,1,22189,1,3,1,0,1,0,1
12B188,3,40244,2,1,0,2,40,221,2,72,2,3,2,1,1,2,2,1,2,2,0,0,,0,0,0,0,0,0,,0,0,0,0,0,,0,0,,0,0,0,0,0,0,0,0,0,,0,0,0,0,0,,2,3,,1,2,2,1,1,3,20,2,1,1,,0,0,0,0,0,,25,2,0,,2,3,2,0,,2,2,2,2,2,2,2,0,2,0,1,2,2,2,2,24067,1,3,1,0,0,2,1
12B188,3,40244,1,1,0,2,40,221,1,29,7,5,1,1,1,1,1,2,2,1,2,1,,1,2,2,2,2,2,,1,0,1,2,2,,1,1,,2,2,2,2,2,1,2,2,2,,1,0,1,2,2,,0,0,,0,0,0,0,0,0,0,0,0,0,,0,0,0,2,3,,30,1,6,,3,3,2,0,,2,2,2,2,1,1,1,1,1,1,1,1,1,1,1,35072,1,2,1,1,1,0,1
12B188,3,40244,4,1,0,2,40,221,2,51,4,3,7,1,2,2,2,2,2,2,0,0,,0,0,0,0,0,0,,0,0,0,0,0,,0,0,,0,0,0,0,0,0,0,0,0,,0,0,0,0,0,,0,0,,0,0,0,0,0,0,0,0,0,0,,0,0,0,0,0,,0,0,0,,0,0,0,3,,2,2,2,2,2,1,2,0,2,0,1,1,1,2,2,28383,4,4,2,0,0,0,2
12B188,3,40244,3,1,0,2,40,221,2,65,8,4,8,1,2,2,2,2,2,2,0,0,,0,0,0,0,0,0,,0,0,0,0,0,,0,0,,0,0,0,0,0,0,0,0,0,,0,0,0,0,0,,0,0,,0,0,0,0,0,0,0,0,0,0,,0,0,0,0,0,,0,0,0,,0,0,0,5,,2,2,2,2,1,2,2,0,2,0,1,2,1,1,2,24067,4,4,2,0,0,0,2
11B195,3,40293,1,1,0,1,40,221,2,51,3,3,1,1,1,1,2,2,2,2,2,4,,2,2,1,2,2,2,,1,0,1,2,1,,0,0,,0,0,0,0,0,0,0,0,0,,0,0,0,0,0,,0,0,,0,0,0,0,0,0,0,0,0,0,,0,0,0,0,0,,40,2,0,,2,3,2,0,,2,2,2,2,2,2,2,0,2,0,1,2,2,2,2,7220,1,1,1,1,0,0,1
11B195,3,40293,3,1,0,1,40,221,1,35,7,4,1,1,2,2,2,2,2,2,0,0,,0,0,0,0,0,0,,0,0,0,0,0,,0,0,,0,0,0,0,0,0,0,0,0,,0,0,0,0,0,,0,0,,0,0,0,0,0,0,0,0,0,0,,0,0,0,0,0,,0,0,0,,0,0,0,1,,2,2,2,2,1,2,2,0,2,0,1,1,1,2,1,17120,4,4,2,0,0,0,2
11B195,3,40293,4,1,0,2,40,221,2,52,7,4,1,1,1,1,2,2,2,2,3,3,,2,2,2,1,2,2,,2,0,2,1,1,,0,0,,0,0,0,0,0,0,0,0,0,,0,0,0,0,0,,0,0,,0,0,0,0,0,0,0,0,0,0,,0,0,0,0,0,,30,2,0,,3,3,2,0,,2,2,2,2,1,1,1,1,1,1,1,1,2,1,1,14440,1,1,1,2,0,0,1
11B195,3,40293,2,1,0,1,40,221,1,45,7,2,1,1,1,2,2,2,2,1,0,0,,0,0,0,0,0,0,,0,0,0,0,0,,0,0,,0,0,0,0,0,0,0,0,0,,0,0,0,0,0,,0,0,,0,0,0,0,0,0,0,0,0,0,,0,0,0,2,4,,25,1,6,,3,3,2,0,,2,2,2,2,2,1,2,0,2,0,1,2,1,2,1,8947,1,3,1,0,0,0,2
11A191,3,40295,3,1,0,3,40,221,1,28,3,3,1,1,1,2,2,2,2,1,0,0,,0,0,0,0,0,0,,0,0,0,0,0,,0,0,,0,0,0,0,0,0,0,0,0,,0,0,0,0,0,,0,0,,0,0,0,0,0,0,0,0,0,0,,0,0,0,2,4,,25,2,0,,2,2,2,0,,2,2,2,2,2,1,2,0,2,0,1,2,1,1,2,28683,1,3,1,0,0,0,2
11A191,3,40295,1,1,0,2,40,221,1,33,3,3,1,1,1,1,1,2,2,1,1,3,,2,2,2,1,2,2,,2,0,2,1,1,,3,3,,2,2,1,2,2,1,2,2,2,,3,100,2,1,1,,0,0,,0,0,0,0,0,0,0,0,0,0,,0,0,0,2,3,,40,2,0,,3,3,2,0,,2,2,2,1,2,1,2,0,1,1,1,2,1,1,1,21512,1,2,1,2,2,0,1
11A191,3,40295,2,1,0,1,40,221,2,61,7,4,1,1,1,1,1,2,2,1,3,1,,2,1,2,1,2,2,,2,0,2,1,1,,5,1,,2,1,1,2,2,2,2,2,2,,3,160,1,1,1,,0,0,,0,0,0,0,0,0,0,0,0,0,,0,0,0,5,4,,60,1,6,,3,3,2,0,,2,2,2,2,1,1,2,0,1,2,1,1,2,1,1,12525,1,2,1,2,3,0,1
11A191,3,40295,4,1,0,1,40,221,1,67,7,4,8,1,2,2,2,2,2,2,0,0,,0,0,0,0,0,0,,0,0,0,0,0,,0,0,,0,0,0,0,0,0,0,0,0,,0,0,0,0,0,,0,0,,0,0,0,0,0,0,0,0,0,0,,0,0,0,0,0,,0,0,0,,0,0,0,5,,2,2,2,2,1,2,2,0,2,0,1,2,1,2,1,15860,4,4,2,0,0,0,2
13A191,3,40297,3,1,0,1,40,221,2,47,9,3,1,1,1,1,1,2,2,1,2,1,,2,1,2,2,2,2,,2,0,2,1,2,,2,1,,2,2,2,1,2,2,2,2,2,,1,0,1,2,1,,0,0,,0,0,0,0,0,0,0,0,0,0,,0,0,0,2,1,,45,2,0,,3,3,2,0,,2,2,2,2,1,1,1,2,1,1,1,1,1,1,1,8968,1,2,1,2,1,0,1
13A191,3,40297,4,1,0,3,40,221,2,24,7,4,4,1,1,1,2,2,2,1,2,2,,2,1,2,1,2,2,,1,0,1,2,1,,0,0,,0,0,0,0,0,0,0,0,0,,0,0,0,0,0,,0,0,,0,0,0,0,0,0,0,0,0,0,,0,0,0,3,3,,30,2,0,,3,3,2,0,,2,2,2,2,1,1,2,0,1,1,1,1,1,1,1,26521,1,2,1,1,0,0,1
13A191,3,40297,2,1,0,2,40,221,2,40,4,3,1,1,1,2,1,2,2,1,0,0,,0,0,0,0,0,0,,0,0,0,0,0,,1,3,,2,1,2,2,2,2,2,2,2,,1,0,1,2,1,,0,0,,0,0,0,0,0,0,0,0,0,0,,0,0,0,2,3,,20,2,0,,3,3,2,0,,2,2,2,2,1,1,2,0,1,1,1,1,1,1,1,28780,1,3,1,0,1,0,1
13B195,3,40347,1,1,0,2,40,221,1,70,7,3,8,1,1,2,1,1,2,2,0,0,,0,0,0,0,0,0,,0,0,0,0,0,,2,4,,2,2,1,2,2,1,2,2,2,,2,0,2,1,1,,5,4,,1,1,1,1,1,3,80,2,1,1,,0,0,0,0,0,,15,2,0,,3,3,2,0,,2,2,2,2,1,1,1,1,1,2,1,2,1,2,1,22377,1,3,1,0,2,2,1
13B195,3,40347,2,1,0,1,40,221,2,28,7,4,1,1,1,2,2,2,2,1,0,0,,0,0,0,0,0,0,,0,0,0,0,0,,0,0,,0,0,0,0,0,0,0,0,0,,0,0,0,0,0,,0,0,,0,0,0,0,0,0,0,0,0,0,,0,0,0,2,2,,20,2,0,,3,3,2,0,,2,2,2,2,2,2,1,1,1,1,1,1,1,1,1,17018,1,3,1,0,0,0,2
13B195,3,40347,4,1,0,2,40,221,2,35,7,5,7,1,1,2,2,2,2,1,0,0,,0,0,0,0,0,0,,0,0,0,0,0,,0,0,,0,0,0,0,0,0,0,0,0,,0,0,0,0,0,,0,0,,0,0,0,0,0,0,0,0,0,0,,0,0,0,2,3,,40,2,0,,3,3,2,0,,2,2,2,2,1,1,1,1,2,0,1,2,1,1,2,17517,1,3,1,0,0,0,2
13B196,4,40048,4,1,0,1,28,221,1,37,4,3,1,1,1,2,1,2,2,1,0,0,,0,0,0,0,0,0,,0,0,0,0,0,,2,4,,1,2,2,2,2,2,2,2,2,,3,70,2,1,5,EN EL OXXO,0,0,,0,0,0,0,0,0,0,0,0,0,,0,0,0,5,3,,10,2,0,,2,3,2,0,,2,2,2,2,2,1,1,1,2,0,1,2,1,1,2,7776,1,3,1,0,2,0,1
13B196,4,40048,2,1,0,1,28,221,2,30,3,3,1,1,2,2,2,1,2,2,0,0,,0,0,0,0,0,0,,0,0,0,0,0,,0,0,,0,0,0,0,0,0,0,0,0,,0,0,0,0,0,,5,4,,1,2,1,1,1,3,50,2,1,1,,0,0,0,0,0,,30,2,0,,4,4,2,0,,2,2,2,2,2,2,2,0,1,1,1,2,1,1,1,6816,3,3,1,0,0,2,1
13A192,4,40080,4,1,0,1,28,221,1,51,7,4,1,1,2,2,2,2,2,1,0,0,,0,0,0,0,0,0,,0,0,0,0,0,,0,0,,0,0,0,0,0,0,0,0,0,,0,0,0,0,0,,0,0,,0,0,0,0,0,0,0,0,0,0,,0,0,0,1,1,,20,2,0,,3,3,2,0,,2,2,2,2,1,1,1,2,1,4,1,1,1,1,1,18307,3,3,1,0,0,0,2
13A192,4,40080,3,1,0,1,28,221,1,31,7,5,1,1,1,2,1,1,2,1,0,0,,0,0,0,0,0,0,,0,0,0,0,0,,2,3,,1,1,2,2,2,2,2,2,2,,1,0,1,2,1,,3,3,,1,1,2,1,1,2,0,2,1,1,,0,0,0,5,3,,60,2,0,,2,4,1,0,,2,2,2,2,1,1,1,3,1,1,1,1,1,1,2,9128,1,3,1,0,1,2,1
13B193,4,40095,2,1,0,1,28,221,2,78,7,4,8,1,1,1,1,1,2,2,1,3,,2,2,1,2,2,2,,3,185,2,1,1,,2,2,,2,2,1,2,2,2,2,2,2,,3,200,2,1,1,,7,3,,1,1,1,1,1,3,70,2,1,1,,0,0,0,0,0,,30,2,0,,4,3,1,0,,2,2,2,2,1,2,2,0,1,1,1,2,2,2,2,21943,1,2,1,2,2,2,1
13B193,4,40095,4,1,0,1,28,221,1,61,2,6,10,1,1,2,2,1,2,1,0,0,,0,0,0,0,0,0,,0,0,0,0,0,,0,0,,0,0,0,0,0,0,0,0,0,,0,0,0,0,0,,2,3,,1,1,1,1,1,3,16,2,1,1,,0,0,0,2,3,,10,2,0,,1,1,2,0,,2,2,2,2,2,1,3,0,1,1,1,2,1,1,1,6144,1,3,1,0,0,2,1
12B193,4,40127,1,1,0,1,28,221,2,45,99, ,7,1,2,2,2,2,2,2,0,0,,0,0,0,0,0,0,,0,0,0,0,0,,0,0,,0,0,0,0,0,0,0,0,0,,0,0,0,0,0,,0,0,,0,0,0,0,0,0,0,0,0,0,,0,0,0,0,0,,0,0,0,,0,0,0,1,,2,2,2,2,2,2,2,0,2,0,1,2,1,1,2,20413,4,4,2,0,0,0,2
12B193,4,40127,4,1,0,2,28,221,2,69,2,3,8,1,1,1,1,1,1,1,3,5,,1,2,1,2,2,2,,3,1200,2,1,1,,5,4,,2,2,1,1,1,2,2,2,2,,2,0,2,1,1,,2,3,,2,2,1,1,1,3,20,2,1,1,,2,2,1,2,3,,60,2,0,,1,2,1,0,,2,2,2,1,1,1,1,2,1,1,1,1,1,1,1,17310,1,2,1,2,2,2,1
12B193,4,40127,3,1,0,2,28,221,2,68,5,3,8,1,1,2,1,1,2,1,0,0,,0,0,0,0,0,0,,0,0,0,0,0,,4,4,,2,1,2,1,2,1,1,2,2,,3,160,2,1,1,,3,3,,1,2,1,1,1,3,60,2,1,1,,0,0,0,1,3,,60,2,0,,3,2,1,0,,2,2,2,2,2,1,2,0,2,0,1,2,1,1,1,25964,1,3,1,0,2,2,1
12B187,4,40128,1,1,0,1,28,221,1,36,3,3,1,1,1,1,1,2,1,2,3,4,,2,2,1,2,2,2,,2,0,2,1,1,,2,4,,1,2,2,2,2,2,2,2,2,,3,50,2,1,1,,0,0,,0,0,0,0,0,0,0,0,0,0,,2,2,1,0,0,,60,2,0,,2,2,2,0,,2,1,2,2,1,1,1,2,1,1,1,2,1,1,1,17140,1,2,1,2,2,0,1
12B187,4,40128,4,1,0,1,28,221,1,38,7,4,1,1,1,2,2,1,2,1,0,0,,0,0,0,0,0,0,,0,0,0,0,0,,0,0,,0,0,0,0,0,0,0,0,0,,0,0,0,0,0,,5,3,,2,2,2,1,2,1,0,1,2,1,,0,0,0,1,3,,15,2,0,,2,3,1,0,,2,2,2,2,2,2,2,0,2,0,1,2,2,2,2,17140,1,3,1,0,0,1,1
12B187,4,40128,3,1,0,1,28,221,2,36,3,3,1,1,1,1,2,2,2,2,1,5,,2,2,1,2,2,2,,3,150,2,1,1,,0,0,,0,0,0,0,0,0,0,0,0,,0,0,0,0,0,,0,0,,0,0,0,0,0,0,0,0,0,0,,0,0,0,0,0,,60,2,0,,4,1,1,0,,2,2,2,2,1,2,2,0,2,0,1,2,1,1,1,15464,1,1,1,2,0,0,1
12B187,4,40128,2,1,1,1,28,221,1,41,3,3,1,1,1,2,1,1,2,1,0,0,,0,0,0,0,0,0,,0,0,0,0,0,,10,4,,1,2,2,2,2,2,2,2,2,,3,300,2,1,1,,7,4,,2,1,1,1,1,3,50,2,1,1,,0,0,0,3,4,,90,2,0,,2,3,2,0,,2,2,2,2,2,1,2,0,1,1,1,1,1,1,1,8570,1,3,1,0,2,2,1
13B187,4,40129,2,1,0,4,28,221,1,26,7,5,1,1,1,1,1,2,2,1,4,4,,2,1,2,2,2,2,,2,0,2,1,1,,1,3,,2,2,2,2,1,2,2,2,2,,1,0,1,2,1,,0,0,,0,0,0,0,0,0,0,0,0,0,,0,0,0,3,3,,120,2,0,,3,3,1,0,,2,2,2,2,1,2,2,0,2,0,1,1,1,1,2,42432,1,2,1,2,1,0,1
13B187,4,40129,1,1,1,1,28,221,2,32,4,1,1,1,2,1,2,2,2,2,1,6,POR APOYAR A SUS HIJOS,2,2,1,2,2,2,,2,0,2,1,1,,0,0,,0,0,0,0,0,0,0,0,0,,0,0,0,0,0,,0,0,,0,0,0,0,0,0,0,0,0,0,,0,0,0,0,0,,10,2,0,,2,2,2,0,,2,2,2,2,1,2,2,0,2,0,1,2,1,2,2,14275,3,1,1,2,0,0,1
13B187,4,40129,4,1,0,3,28,221,1,26,7,3,1,1,1,1,2,2,1,1,1,4,,2,2,2,2,1,2,,3,125,2,1,1,,0,0,,0,0,0,0,0,0,0,0,0,,0,0,0,0,0,,0,0,,0,0,0,0,0,0,0,0,0,0,,3,1,2,2,4,,10,1,5,,2,3,2,0,,2,2,2,2,1,1,1,2,1,1,1,1,1,1,1,33946,1,2,1,2,0,0,1
13B187,4,40129,3,1,0,1,28,221,1,48,3,1,1,1,1,2,1,2,2,1,0,0,,0,0,0,0,0,0,,0,0,0,0,0,,30,3,,2,1,2,2,2,1,1,2,2,,1,0,1,2,2,,0,0,,0,0,0,0,0,0,0,0,0,0,,0,0,0,1,3,,30,2,0,,2,4,1,0,,2,2,2,2,2,1,2,0,1,3,1,2,2,3,2,17021,1,3,1,0,1,0,1
11B194,4,40234,1,1,0,1,28,221,1,35,8,2,1,1,1,1,2,2,2,1,2,2,,1,1,2,2,2,2,,1,0,1,2,2,,0,0,,0,0,0,0,0,0,0,0,0,,0,0,0,0,0,,0,0,,0,0,0,0,0,0,0,0,0,0,,0,0,0,5,4,,30,1,6,,2,4,1,0,,2,2,2,2,1,1,2,0,1,1,1,1,1,1,1,13651,1,2,1,1,0,0,1
11B194,4,40234,4,1,0,2,28,221,2,87,0, ,7,2,0,0,0,0,0,0,0,0,,0,0,0,0,0,0,,0,0,0,0,0,,0,0,,0,0,0,0,0,0,0,0,0,,0,0,0,0,0,,0,0,,0,0,0,0,0,0,0,0,0,0,,0,0,0,0,0,,0,0,0,,0,0,0,0,,0,0,0,0,0,0,0,0,0,0,0,0,0,0,0,14644,0,0,0,0,0,0,0
11B194,4,40234,3,1,0,1,28,221,1,22,7,2,6,1,1,1,1,2,1,1,7,4,,2,2,2,1,2,2,,3,1200,2,1,1,,15,4,,2,2,2,2,2,2,2,1,2,,3,300,2,1,1,,0,0,,0,0,0,0,0,0,0,0,0,0,,2,1,2,5,4,,90,2,0,,4,4,1,0,,1,2,2,1,2,1,2,0,1,3,1,1,1,1,1,14719,1,2,1,2,2,0,1
11B194,4,40234,2,1,0,2,28,221,2,60,2,6,1,1,1,1,2,1,2,2,10,1,,1,1,1,1,2,2,,2,0,2,1,1,,0,0,,0,0,0,0,0,0,0,0,0,,0,0,0,0,0,,7,3,,1,2,1,1,1,3,70,2,1,2,,0,0,0,0,0,,40,1,6,,4,3,1,0,,2,2,2,2,2,2,2,0,2,0,1,2,2,2,2,12425,1,2,1,2,0,2,1
11B188,4,40238,3,1,0,2,28,221,1,64,3,3,1,1,1,1,2,2,2,1,1,5,,2,2,1,2,2,2,,3,200,2,1,1,,0,0,,0,0,0,0,0,0,0,0,0,,0,0,0,0,0,,0,0,,0,0,0,0,0,0,0,0,0,0,,0,0,0,5,3,,60,2,0,,2,1,1,0,,1,2,1,1,1,1,1,3,2,0,1,2,1,1,1,17337,1,2,1,2,0,0,1
11B188,4,40238,1,1,0,2,28,221,2,39,3,3,1,1,1,1,2,2,2,1,5,4,,2,2,2,1,2,2,,1,0,1,2,1,,0,0,,0,0,0,0,0,0,0,0,0,,0,0,0,0,0,,0,0,,0,0,0,0,0,0,0,0,0,0,,0,0,0,5,6,CURIOSIDAD,60,2,0,,3,3,2,0,,1,1,1,1,2,2,2,0,2,0,1,2,1,3,3,11573,1,2,1,1,0,0,1
11B188,4,40238,4,1,1,4,28,221,1,18,3,3,1,1,1,1,2,1,2,1,4,2,,1,2,1,2,2,2,,1,0,2,1,1,,0,0,,0,0,0,0,0,0,0,0,0,,0,0,0,0,0,,1,2,,1,1,1,2,1,3,5,2,1,2,,0,0,0,2,2,,30,2,0,,3,3,1,0,,2,2,2,2,2,1,1,2,1,1,1,1,1,1,2,27662,1,2,1,2,0,2,1
11B188,4,40238,2,1,0,2,28,221,1,31,4,3,1,1,2,2,2,2,2,1,0,0,,0,0,0,0,0,0,,0,0,0,0,0,,0,0,,0,0,0,0,0,0,0,0,0,,0,0,0,0,0,,0,0,,0,0,0,0,0,0,0,0,0,0,,0,0,0,1,1,,60,2,0,,2,3,1,0,,2,2,2,2,1,1,1,2,2,0,1,1,1,2,1,20053,3,3,1,0,0,0,2
11B195,4,40264,3,1,0,2,28,221,1,48,3,3,5,1,1,1,2,2,2,2,1,4,,2,1,2,2,2,2,,2,0,2,1,1,,0,0,,0,0,0,0,0,0,0,0,0,,0,0,0,0,0,,0,0,,0,0,0,0,0,0,0,0,0,0,,0,0,0,0,0,,45,2,0,,2,3,2,0,,2,2,2,2,2,1,2,0,1,1,1,1,1,1,1,28560,1,1,1,2,0,0,1
11B195,4,40264,1,1,0,2,28,221,2,21,7,2,6,1,1,1,2,2,2,1,1,6,INTERÉS O CURIOSIDAD,2,1,2,2,2,2,,1,0,1,2,1,,0,0,,0,0,0,0,0,0,0,0,0,,0,0,0,0,0,,0,0,,0,0,0,0,0,0,0,0,0,0,,0,0,0,5,4,,60,1,5,,2,3,1,0,,2,2,2,1,1,1,1,2,1,1,1,1,1,1,1,25559,1,2,1,1,0,0,1
11B195,4,40264,2,1,0,1,28,221,2,55,2,1,1,2,0,0,0,0,0,0,0,0,,0,0,0,0,0,0,,0,0,0,0,0,,0,0,,0,0,0,0,0,0,0,0,0,,0,0,0,0,0,,0,0,,0,0,0,0,0,0,0,0,0,0,,0,0,0,0,0,,0,0,0,,0,0,0,0,,0,0,0,0,0,0,0,0,0,0,0,0,0,0,0,6218,0,0,0,0,0,0,0
11B195,4,40264,4,1,0,2,28,221,1,37,3,3,1,1,1,1,2,1,2,2,3,4,,2,2,1,2,2,2,,2,0,2,1,1,,0,0,,0,0,0,0,0,0,0,0,0,,0,0,0,0,0,,2,3,,1,2,2,2,1,3,10,2,1,2,,0,0,0,0,0,,30,2,0,,2,1,2,0,,2,2,2,2,2,1,2,0,2,0,1,2,1,2,2,20495,1,2,1,2,0,2,1
11A191,4,40270,3,1,0,2,28,221,1,24,7,4,1,1,1,1,1,1,2,1,3,4,,2,2,2,2,1,2,,3,500,2,1,1,,2,6,CURIOSIDAD,1,2,2,2,2,2,2,2,2,,1,0,1,2,1,,4,3,,1,1,2,1,1,1,0,1,2,1,,0,0,0,5,4,,15,2,0,,2,3,1,0,,2,2,2,1,1,1,1,2,1,1,1,1,1,1,1,18563,1,2,1,2,1,1,1
11A191,4,40270,4,1,0,1,28,221,2,40,7,4,1,1,1,2,1,2,2,1,0,0,,0,0,0,0,0,0,,0,0,0,0,0,,4,3,,2,1,2,2,2,2,1,2,2,,1,0,1,1,2,,0,0,,0,0,0,0,0,0,0,0,0,0,,0,0,0,2,3,,30,2,0,,2,3,2,0,,1,2,2,2,2,1,1,2,1,1,1,2,2,1,1,15533,1,3,1,0,3,0,1
11A191,4,40270,1,1,0,3,28,221,1,27,3,3,1,1,1,1,1,1,1,1,3,4,,2,2,2,1,2,2,,3,300,1,2,1,,4,2,,2,2,2,1,2,2,1,2,2,,3,100,2,1,2,,7,2,,1,1,2,2,1,2,0,2,1,1,,1,2,1,2,2,,60,2,0,,3,3,1,0,,1,2,1,2,1,2,1,2,1,1,1,1,1,1,1,35885,1,2,1,1,2,2,1
12B193,5,40014,2,1,0,3,17,221,1,24,3,3,10,2,0,0,0,0,0,0,0,0,,0,0,0,0,0,0,,0,0,0,0,0,,0,0,,0,0,0,0,0,0,0,0,0,,0,0,0,0,0,,0,0,,0,0,0,0,0,0,0,0,0,0,,0,0,0,0,0,,0,0,0,,0,0,0,0,,0,0,0,0,0,0,0,0,0,0,0,0,0,0,0,35806,0,0,0,0,0,0,0
12B193,5,40014,1,1,0,1,17,221,1,54,4,3,1,1,2,2,2,1,2,2,0,0,,0,0,0,0,0,0,,0,0,0,0,0,,0,0,,0,0,0,0,0,0,0,0,0,,0,0,0,0,0,,2,3,,2,1,2,1,1,3,30,2,1,1,,0,0,0,0,0,,15,2,0,,2,2,1,0,,2,2,2,2,2,2,2,0,2,0,1,1,1,1,1,17353,3,3,1,0,0,2,1
12B193,5,40014,4,1,0,3,17,221,1,22,7,4,4,1,1,1,2,1,2,2,1,4,,2,2,1,2,2,2,,2,0,2,1,1,,0,0,,0,0,0,0,0,0,0,0,0,,0,0,0,0,0,,1,3,,2,1,1,2,1,1,0,1,2,1,,0,0,0,0,0,,15,1,5,,3,4,1,0,,2,2,2,2,2,1,1,2,1,1,1,1,1,1,1,26854,1,2,1,2,0,1,1
12B193,5,40014,3,1,0,2,17,221,2,59,3,3,7,1,1,2,2,1,2,2,0,0,,0,0,0,0,0,0,,0,0,0,0,0,,0,0,,0,0,0,0,0,0,0,0,0,,0,0,0,0,0,,1,4,,1,1,1,1,1,2,0,2,1,1,,0,0,0,0,0,,30,2,0,,2,3,2,0,,2,2,2,2,2,1,2,0,2,0,1,1,1,1,2,22669,1,3,1,0,0,2,1
12A192,5,40031,1,1,0,4,17,221,1,25,4,1,1,1,1,2,2,2,2,1,0,0,,0,0,0,0,0,0,,0,0,0,0,0,,0,0,,0,0,0,0,0,0,0,0,0,,0,0,0,0,0,,0,0,,0,0,0,0,0,0,0,0,0,0,,0,0,0,2,3,,20,2,0,,2,3,2,0,,2,2,2,2,1,1,1,2,1,1,1,1,1,1,1,23704,1,3,1,0,0,0,2
12A192,5,40031,2,1,0,1,17,221,1,53,2,6,1,1,1,1,2,1,2,2,1,5,,2,2,1,2,2,2,,2,0,2,1,1,,0,0,,0,0,0,0,0,0,0,0,0,,0,0,0,0,0,,3,3,,2,2,2,2,1,3,6,2,1,1,,0,0,0,0,0,,10,2,0,,2,2,2,0,,2,2,2,2,2,2,2,0,2,0,1,2,2,2,2,35657,1,2,1,2,0,2,1
12A192,5,40031,3,1,0,1,17,221,1,64,0, ,1,2,0,0,0,0,0,0,0,0,,0,0,0,0,0,0,,0,0,0,0,0,,0,0,,0,0,0,0,0,0,0,0,0,,0,0,0,0,0,,0,0,,0,0,0,0,0,0,0,0,0,0,,0,0,0,0,0,,0,0,0,,0,0,0,0,,0,0,0,0,0,0,0,0,0,0,0,0,0,0,0,10247,0,0,0,0,0,0,0
12A192,5,40031,4,1,0,1,17,221,2,45,6,2,7,1,1,1,2,2,2,2,1,4,,2,2,1,2,2,2,,3,150,2,1,1,,0,0,,0,0,0,0,0,0,0,0,0,,0,0,0,0,0,,0,0,,0,0,0,0,0,0,0,0,0,0,,0,0,0,0,0,,20,2,0,,2,1,2,0,,2,2,2,2,2,2,2,0,2,0,1,2,1,2,2,28775,1,1,1,2,0,0,1
11B196,5,40086,1,1,0,2,17,221,2,19,2,6,7,1,1,1,2,2,1,2,3,4,,1,2,2,2,2,2,,2,0,2,1,1,,0,0,,0,0,0,0,0,0,0,0,0,,0,0,0,0,0,,0,0,,0,0,0,0,0,0,0,0,0,0,,5,1,1,0,0,,30,2,0,,2,1,2,0,,2,2,2,2,2,1,1,1,1,1,1,1,1,1,2,27689,1,2,1,2,0,0,1
11B196,5,40086,4,1,0,2,17,221,1,20,7,1,6,1,1,2,2,2,2,2,0,0,,0,0,0,0,0,0,,0,0,0,0,0,,0,0,,0,0,0,0,0,0,0,0,0,,0,0,0,0,0,,0,0,,0,0,0,0,0,0,0,0,0,0,,0,0,0,0,0,,0,0,0,,0,0,0,3,,1,2,2,2,2,1,1,2,1,1,1,1,1,1,1,15960,2,4,2,0,0,0,2
11B196,5,40086,2,1,0,1,17,221,1,47,3,3,1,1,1,1,1,1,1,1,5,4,,1,2,2,1,2,2,,2,0,2,1,1,,3,4,,1,2,2,1,2,2,2,1,2,,2,0,2,1,1,,2,3,,2,1,1,1,1,3,10,2,1,1,,5,2,1,5,4,,15,2,0,,2,3,1,0,,2,1,2,2,2,1,1,2,1,1,1,1,2,2,3,30940,1,2,1,2,2,2,1
11B196,5,40086,3,1,0,2,17,221,2,35,3,3,7,1,1,2,1,1,2,2,0,0,,0,0,0,0,0,0,,0,0,0,0,0,,3,4,,2,2,1,2,2,2,2,2,2,,3,140,2,1,1,,1,3,,2,2,1,1,1,3,10,2,1,1,,0,0,0,0,0,,20,2,0,,2,4,1,0,,2,2,2,2,2,2,1,2,2,0,1,2,1,1,1,13355,1,3,1,0,2,2,1
12B196,5,40090,4,1,0,1,17,221,2,44,6,2,1,1,2,2,2,2,2,2,0,0,,0,0,0,0,0,0,,0,0,0,0,0,,0,0,,0,0,0,0,0,0,0,0,0,,0,0,0,0,0,,0,0,,0,0,0,0,0,0,0,0,0,0,,0,0,0,0,0,,0,0,0,,0,0,0,3,,2,2,2,2,1,1,2,0,2,0,1,2,1,1,1,15281,4,4,2,0,0,0,2
12B196,5,40090,2,1,0,1,17,221,2,24,3,3,1,1,2,2,2,2,2,1,0,0,,0,0,0,0,0,0,,0,0,0,0,0,,0,0,,0,0,0,0,0,0,0,0,0,,0,0,0,0,0,,0,0,,0,0,0,0,0,0,0,0,0,0,,0,0,0,5,4,,15,2,0,,2,2,2,0,,2,2,2,2,2,2,2,0,1,1,1,1,1,1,1,31681,3,3,1,0,0,0,2
12B196,5,40090,1,1,0,1,17,221,2,27,4,1,1,1,1,1,2,2,2,1,1,3,,2,1,2,2,2,2,,2,0,2,1,1,,0,0,,0,0,0,0,0,0,0,0,0,,0,0,0,0,0,,0,0,,0,0,0,0,0,0,0,0,0,0,,0,0,0,2,3,,40,2,0,,4,2,1,0,,1,1,2,2,1,1,1,1,1,1,1,1,1,1,1,7423,1,2,1,2,0,0,1
11A192,5,40094,1,1,0,3,17,221,1,55,2,6,1,1,1,1,1,1,2,2,2,4,,2,2,1,2,2,2,,2,0,2,1,1,,4,3,,1,2,2,2,2,2,2,1,2,,2,0,2,1,1,,1,3,,1,1,1,1,1,3,5,2,1,1,,0,0,0,0,0,,30,2,0,,3,1,1,0,,2,2,2,2,2,1,1,2,1,1,1,1,1,1,1,33028,1,2,1,2,2,2,1
11A192,5,40094,3,1,1,1,17,221,2,22,7,2,6,1,1,1,2,2,2,1,3,4,,2,2,1,2,2,2,,2,0,2,1,1,,0,0,,0,0,0,0,0,0,0,0,0,,0,0,0,0,0,,0,0,,0,0,0,0,0,0,0,0,0,0,,0,0,0,5,4,,30,2,0,,2,3,1,0,,2,2,2,2,2,2,1,2,2,0,1,1,1,1,1,34284,1,2,1,2,0,0,1
11A192,5,40094,4,1,0,1,17,221,1,45,3,3,1,1,2,2,2,2,2,1,0,0,,0,0,0,0,0,0,,0,0,0,0,0,,0,0,,0,0,0,0,0,0,0,0,0,,0,0,0,0,0,,0,0,,0,0,0,0,0,0,0,0,0,0,,0,0,0,5,3,,20,2,0,,2,4,2,0,,2,2,2,2,2,1,1,2,2,0,1,2,1,2,2,28732,3,3,1,0,0,0,2
11A192,5,40094,2,1,0,1,17,221,2,67,3,3,8,1,1,2,2,1,2,2,0,0,,0,0,0,0,0,0,,0,0,0,0,0,,0,0,,0,0,0,0,0,0,0,0,0,,0,0,0,0,0,,1,3,,1,1,1,1,1,3,10,2,1,1,,0,0,0,0,0,,15,2,0,,3,3,2,0,,2,2,2,2,1,1,1,2,2,0,1,1,1,1,2,9830,1,3,1,0,0,2,1
13B193,5,40145,4,1,0,1,17,221,2,42,7,5,1,1,2,2,2,2,2,1,0,0,,0,0,0,0,0,0,,0,0,0,0,0,,0,0,,0,0,0,0,0,0,0,0,0,,0,0,0,0,0,,0,0,,0,0,0,0,0,0,0,0,0,0,,0,0,0,2,3,,30,2,0,,3,4,1,0,,2,2,2,2,1,1,2,0,1,1,1,2,1,1,1,7553,3,3,1,0,0,0,2
13B193,5,40145,2,1,0,1,17,221,1,36,4,2,1,1,1,2,1,1,2,1,0,0,,0,0,0,0,0,0,,0,0,0,0,0,,2,4,,1,2,2,2,2,2,2,2,2,,1,0,1,2,1,,5,3,,2,1,1,1,1,1,0,1,2,2,,0,0,0,5,4,,5,1,3,,2,4,1,0,,2,2,2,2,1,1,1,2,1,1,1,1,1,1,1,16745,1,3,1,0,1,1,1
13B193,5,40145,3,1,0,1,17,221,2,46,7,4,1,1,1,1,1,1,2,1,1,1,,1,2,2,2,2,2,,1,0,1,2,1,,2,4,,2,2,2,1,2,2,2,2,2,,3,200,2,1,1,,2,3,,2,2,1,1,2,3,20,2,1,1,,0,0,0,5,3,,60,2,0,,4,4,1,0,,1,2,2,2,1,1,1,2,1,1,1,1,1,1,1,14123,1,2,1,1,2,2,1
13B187,5,40150,1,1,0,4,17,221,1,20,4,1,1,1,2,1,2,2,2,1,1,5,,2,2,1,2,2,2,,2,0,2,1,1,,0,0,,0,0,0,0,0,0,0,0,0,,0,0,0,0,0,,0,0,,0,0,0,0,0,0,0,0,0,0,,0,0,0,1,3,,30,2,0,,1,2,1,0,,2,2,2,2,1,2,1,2,1,1,1,1,1,1,1,41004,3,2,1,2,0,0,1
13B187,5,40150,4,1,0,1,17,221,2,53,6,4,7,1,1,1,2,2,2,1,2,3,,2,2,2,2,1,2,,2,0,1,1,1,,0,0,,0,0,0,0,0,0,0,0,0,,0,0,0,0,0,,0,0,,0,0,0,0,0,0,0,0,0,0,,0,0,0,2,3,,5,2,0,,4,4,1,0,,2,2,2,2,2,1,1,2,1,1,1,2,2,1,1,16037,1,2,1,3,0,0,1
13B187,5,40150,2,1,0,1,17,221,2,85,2,3,7,1,2,1,2,2,2,2,2,5,,2,2,1,2,2,2,,2,0,2,1,1,,0,0,,0,0,0,0,0,0,0,0,0,,0,0,0,0,0,,0,0,,0,0,0,0,0,0,0,0,0,0,,0,0,0,0,0,,120,2,0,,1,3,2,0,,2,2,2,2,2,2,2,0,2,0,1,2,1,2,2,30596,3,1,1,2,0,0,1
12B187,5,40155,4,1,0,1,17,221,1,29,7,3,1,1,1,1,2,2,1,1,1,2,,2,1,2,2,2,2,,3,700,2,1,1,,0,0,,0,0,0,0,0,0,0,0,0,,0,0,0,0,0,,0,0,,0,0,0,0,0,0,0,0,0,0,,5,2,1,5,3,,30,2,0,,3,3,1,0,,2,2,2,2,2,1,1,2,1,1,1,1,1,1,1,19507,1,2,1,2,0,0,1
12B187,5,40155,2,1,0,2,17,221,2,20,3,3,7,1,2,2,2,2,2,1,0,0,,0,0,0,0,0,0,,0,0,0,0,0,,0,0,,0,0,0,0,0,0,0,0,0,,0,0,0,0,0,,0,0,,0,0,0,0,0,0,0,0,0,0,,0,0,0,5,6,AYUDAR EN LA TAREA A SU HERMANO,120,1,5,,1,3,1,0,,2,2,2,2,2,2,2,0,2,0,1,1,1,1,2,35013,3,3,1,0,0,0,2
12B187,5,40155,3,1,0,1,17,221,1,49,3,2,1,1,1,2,1,1,2,2,0,0,,0,0,0,0,0,0,,0,0,0,0,0,,5,4,,1,2,2,2,2,2,2,1,2,,3,200,2,1,1,,2,4,,2,1,1,1,1,3,30,2,1,1,,0,0,0,0,0,,30,2,0,,3,4,2,0,,2,2,2,2,2,1,1,2,2,0,1,1,1,1,2,29343,1,3,1,0,2,2,1
11B194,5,40246,2,1,0,2,17,221,2,32,3,3,7,1,1,2,2,1,2,1,0,0,,0,0,0,0,0,0,,0,0,0,0,0,,0,0,,0,0,0,0,0,0,0,0,0,,0,0,0,0,0,,3,3,,2,2,2,2,1,2,0,2,1,1,,0,0,0,5,5,,60,1,6,,2,2,1,0,,2,2,2,2,1,2,2,0,1,1,1,1,1,1,1,22114,1,3,1,0,0,2,1
11B194,5,40246,3,1,0,1,17,221,1,58,3,3,4,1,2,1,2,1,2,2,1,4,,2,2,2,1,2,2,,2,0,2,1,1,,0,0,,0,0,0,0,0,0,0,0,0,,0,0,0,0,0,,3,3,,2,1,1,2,1,3,20,2,1,1,,0,0,0,0,0,,60,2,0,,2,2,1,0,,2,2,2,2,2,2,2,0,2,0,1,2,1,1,2,22732,3,2,1,2,0,2,1
11B194,5,40246,4,1,0,3,17,221,1,20,3,3,1,1,1,2,1,1,2,1,0,0,,0,0,0,0,0,0,,0,0,0,0,0,,3,4,,2,2,2,2,2,2,2,1,2,,3,100,2,1,1,,1,3,,1,1,1,1,1,3,10,2,1,2,,0,0,0,1,4,,10,1,5,,4,3,2,0,,2,2,2,2,2,1,1,2,1,1,1,1,1,1,1,36272,1,3,1,0,2,2,1
11B194,5,40246,1,1,0,2,17,221,2,37,3,3,7,1,1,1,2,2,2,2,1,3,,2,2,2,1,2,2,,2,0,2,1,1,,0,0,,0,0,0,0,0,0,0,0,0,,0,0,0,0,0,,0,0,,0,0,0,0,0,0,0,0,0,0,,0,0,0,0,0,,30,2,0,,2,4,1,0,,2,2,2,2,2,2,2,0,2,0,1,1,1,1,1,15175,1,1,1,2,0,0,1
12B194,5,40275,4,1,0,2,17,221,2,37,6,3,1,1,2,2,2,2,2,2,0,0,,0,0,0,0,0,0,,0,0,0,0,0,,0,0,,0,0,0,0,0,0,0,0,0,,0,0,0,0,0,,0,0,,0,0,0,0,0,0,0,0,0,0,,0,0,0,0,0,,0,0,0,,0,0,0,3,,2,2,2,2,2,1,2,0,1,1,1,1,1,1,1,15558,4,4,2,0,0,0,2
12B194,5,40275,3,1,0,2,17,221,2,48,7,5,1,1,1,1,2,1,2,1,1,1,,1,2,2,2,2,2,,1,0,1,2,1,,0,0,,0,0,0,0,0,0,0,0,0,,0,0,0,0,0,,4,3,,1,1,1,1,1,1,0,1,2,1,,0,0,0,5,3,,60,2,0,,2,3,1,0,,1,1,2,2,1,1,1,1,1,5,1,1,1,1,1,21817,1,2,1,1,0,1,1
12B194,5,40275,2,1,1,2,17,221,2,28,5,4,1,1,1,1,2,2,1,1,2,4,,2,2,2,1,2,2,,2,0,2,1,1,,0,0,,0,0,0,0,0,0,0,0,0,,0,0,0,0,0,,0,0,,0,0,0,0,0,0,0,0,0,0,,2,1,1,2,1,,120,2,0,,3,4,1,0,,2,2,2,2,2,1,1,1,1,1,1,1,1,2,1,15115,1,2,1,2,0,0,1
12B194,5,40275,1,1,0,1,17,221,1,45,7,4,1,1,1,1,2,1,2,1,1,1,,2,1,2,2,2,2,,2,0,2,1,2,,0,0,,0,0,0,0,0,0,0,0,0,,0,0,0,0,0,,2,1,,1,2,2,2,2,1,0,1,2,2,,0,0,0,5,3,,20,2,0,,2,3,1,0,,2,2,2,2,2,1,2,0,1,1,1,1,1,1,1,27035,1,2,1,2,0,1,1
12B188,5,40281,1,1,0,1,17,221,1,44,7,5,1,1,1,1,2,2,2,1,1,4,,2,2,2,1,2,2,,3,280,2,1,1,,0,0,,0,0,0,0,0,0,0,0,0,,0,0,0,0,0,,0,0,,0,0,0,0,0,0,0,0,0,0,,0,0,0,5,4,,15,2,0,,1,2,1,0,,2,2,2,2,2,2,2,0,1,2,1,1,1,1,1,9395,1,2,1,2,0,0,1
12B188,5,40281,3,1,0,3,17,221,1,32,7,5,1,1,1,1,2,1,2,1,23,1,,2,1,2,2,1,2,,1,0,1,2,2,,0,0,,0,0,0,0,0,0,0,0,0,,0,0,0,0,0,,5,3,,1,2,1,1,1,1,0,1,2,2,,0,0,0,1,4,,120,2,0,,2,3,1,0,,2,1,2,1,2,1,2,0,1,2,1,1,1,2,2,29376,1,2,1,1,0,1,1
12B188,5,40281,4,1,0,1,17,221,1,63,7,4,1,1,1,1,1,1,2,1,4,4,,2,2,2,2,1,2,,2,0,2,1,1,,10,4,,1,2,2,2,2,2,2,2,2,,2,0,2,1,1,,4,3,,2,1,1,1,1,3,40,2,1,1,,0,0,0,2,3,,30,2,0,,2,3,2,0,,2,2,2,2,2,2,2,0,1,2,1,2,2,2,2,25397,1,2,1,2,2,2,1
11B188,5,40282,3,1,0,2,17,221,2,52,3,3,7,1,1,1,1,1,2,1,5,3,,2,2,1,2,2,2,,2,0,2,1,1,,4,3,,2,2,2,1,2,2,1,2,2,,2,0,2,1,1,,2,4,,1,1,1,1,1,2,0,2,1,1,,0,0,0,2,4,,60,2,0,,1,1,1,0,,2,2,2,2,1,1,1,2,1,1,1,1,1,1,1,20810,1,2,1,2,2,2,1
11B188,5,40282,2,1,0,1,17,221,1,30,4,2,4,1,1,1,2,2,2,1,2,4,,2,2,2,1,2,2,,2,0,2,1,1,,0,0,,0,0,0,0,0,0,0,0,0,,0,0,0,0,0,,0,0,,0,0,0,0,0,0,0,0,0,0,,0,0,0,5,4,,120,2,0,,2,2,2,0,,2,2,2,2,2,2,1,1,1,1,1,1,1,1,2,8572,1,2,1,2,0,0,1
11B188,5,40282,1,1,0,2,17,221,2,73,0, ,7,2,0,0,0,0,0,0,0,0,,0,0,0,0,0,0,,0,0,0,0,0,,0,0,,0,0,0,0,0,0,0,0,0,,0,0,0,0,0,,0,0,,0,0,0,0,0,0,0,0,0,0,,0,0,0,0,0,,0,0,0,,0,0,0,0,,0,0,0,0,0,0,0,0,0,0,0,0,0,0,0,8823,0,0,0,0,0,0,0
12A191,5,40314,1,1,0,2,17,221,2,60,2,2,7,2,0,0,0,0,0,0,0,0,,0,0,0,0,0,0,,0,0,0,0,0,,0,0,,0,0,0,0,0,0,0,0,0,,0,0,0,0,0,,0,0,,0,0,0,0,0,0,0,0,0,0,,0,0,0,0,0,,0,0,0,,0,0,0,0,,0,0,0,0,0,0,0,0,0,0,0,0,0,0,0,24525,0,0,0,0,0,0,0
12A191,5,40314,4,1,0,2,17,221,1,28,3,3,1,1,1,1,2,1,1,1,5,4,,2,2,2,2,1,2,,1,0,1,2,1,,0,0,,0,0,0,0,0,0,0,0,0,,0,0,0,0,0,,3,4,,2,1,1,1,1,3,18,2,1,1,,3,2,1,1,1,,40,2,0,,4,4,1,0,,2,1,2,1,1,1,1,1,1,5,1,1,1,1,1,37442,1,2,1,1,0,2,1
12A191,5,40314,2,1,0,2,17,221,2,35,3,3,1,1,1,2,2,1,2,1,0,0,,0,0,0,0,0,0,,0,0,0,0,0,,0,0,,0,0,0,0,0,0,0,0,0,,0,0,0,0,0,,1,4,,2,2,1,1,1,1,0,1,2,1,,0,0,0,1,3,,30,2,0,,1,4,2,0,,2,2,2,2,1,1,1,2,2,0,1,1,1,1,1,16207,1,3,1,0,0,1,1
12A191,5,40314,3,1,1,2,17,221,2,25,4,3,7,1,1,1,2,2,1,1,5,4,,2,2,2,1,2,2,,3,100,2,1,1,,0,0,,0,0,0,0,0,0,0,0,0,,0,0,0,0,0,,0,0,,0,0,0,0,0,0,0,0,0,0,,3,1,2,1,4,,10,2,0,,2,3,1,0,,2,2,2,2,2,2,2,0,1,1,1,1,1,1,1,15745,1,2,1,2,0,0,1
12B195,5,40374,2,1,0,2,17,221,2,38,6,3,3,1,2,2,2,2,2,2,0,0,,0,0,0,0,0,0,,0,0,0,0,0,,0,0,,0,0,0,0,0,0,0,0,0,,0,0,0,0,0,,0,0,,0,0,0,0,0,0,0,0,0,0,,0,0,0,0,0,,0,0,0,,0,0,0,5,,2,2,2,2,1,1,1,1,1,1,1,1,1,1,1,15705,4,4,2,0,0,0,2
12B195,5,40374,3,1,0,1,17,221,1,45,4,2,1,1,1,2,2,1,2,2,0,0,,0,0,0,0,0,0,,0,0,0,0,0,,0,0,,0,0,0,0,0,0,0,0,0,,0,0,0,0,0,,5,3,,2,1,1,1,1,2,0,2,1,1,,0,0,0,0,0,,15,2,0,,2,2,2,0,,2,2,2,2,1,1,1,2,1,1,1,1,1,1,1,18193,1,3,1,0,0,2,1
11B193,6,40046,3,1,0,1,33,221,1,26,4,3,1,1,2,2,2,2,2,2,0,0,,0,0,0,0,0,0,,0,0,0,0,0,,0,0,,0,0,0,0,0,0,0,0,0,,0,0,0,0,0,,0,0,,0,0,0,0,0,0,0,0,0,0,,0,0,0,0,0,,0,0,0,,0,0,0,2,,2,2,2,2,2,2,2,0,2,0,1,1,1,1,3,12194,4,4,2,0,0,0,2
11B193,6,40046,1,1,0,1,33,221,1,39,8,4,1,1,2,2,2,2,2,1,0,0,,0,0,0,0,0,0,,0,0,0,0,0,,0,0,,0,0,0,0,0,0,0,0,0,,0,0,0,0,0,,0,0,,0,0,0,0,0,0,0,0,0,0,,0,0,0,1,4,,40,2,0,,3,3,2,0,,2,2,2,2,2,2,2,0,2,0,1,2,2,2,2,23401,3,3,1,0,0,0,2
11B193,6,40046,4,1,0,2,33,221,1,25,7,4,1,1,1,1,1,2,2,1,12,1,,2,1,2,2,2,2,,3,5000,1,1,1,,4,1,,2,2,2,1,2,1,2,2,2,,1,0,1,2,2,,0,0,,0,0,0,0,0,0,0,0,0,0,,0,0,0,5,3,,120,2,0,,4,4,1,0,,1,2,2,1,1,1,1,1,1,3,1,1,1,1,1,24389,1,2,1,3,1,0,1
12A192,6,40093,1,1,0,1,33,221,1,55,7,4,8,1,1,2,2,2,2,2,0,0,,0,0,0,0,0,0,,0,0,0,0,0,,0,0,,0,0,0,0,0,0,0,0,0,,0,0,0,0,0,,0,0,,0,0,0,0,0,0,0,0,0,0,,0,0,0,0,0,,0,0,0,,0,0,0,5,,2,2,2,2,2,2,2,0,1,1,1,2,2,2,2,8648,2,4,2,0,0,0,2
12A192,6,40093,4,1,0,1,33,221,2,45,7,4,1,1,1,1,2,2,2,2,1,3,,2,2,1,2,2,2,,2,0,2,1,1,,0,0,,0,0,0,0,0,0,0,0,0,,0,0,0,0,0,,0,0,,0,0,0,0,0,0,0,0,0,0,,0,0,0,0,0,,40,2,0,,2,2,2,0,,2,2,2,2,2,2,2,0,1,1,1,2,2,2,2,24285,1,1,1,2,0,0,1
12A192,6,40093,3,1,0,1,33,221,2,24,7,3,5,1,1,1,1,2,2,1,5,1,,2,1,1,2,2,2,,3,1000,1,1,1,,2,4,,2,2,2,1,2,2,2,1,2,,3,200,2,1,1,,0,0,,0,0,0,0,0,0,0,0,0,0,,0,0,0,2,3,,120,1,5,,3,4,1,0,,1,2,2,2,1,1,1,2,1,3,1,1,1,1,1,11970,1,2,1,3,2,0,1
12B196,6,40121,3,1,0,2,33,221,2,58,6,3,7,1,1,1,2,2,2,2,1,4,,2,2,2,1,2,2,,2,0,2,1,1,,0,0,,0,0,0,0,0,0,0,0,0,,0,0,0,0,0,,0,0,,0,0,0,0,0,0,0,0,0,0,,0,0,0,0,0,,35,2,0,,1,4,2,0,,2,2,2,2,1,1,1,1,1,4,1,1,1,3,3,30075,1,1,1,2,0,0,1
12B196,6,40121,2,1,0,1,33,221,2,52,0, ,1,2,0,0,0,0,0,0,0,0,,0,0,0,0,0,0,,0,0,0,0,0,,0,0,,0,0,0,0,0,0,0,0,0,,0,0,0,0,0,,0,0,,0,0,0,0,0,0,0,0,0,0,,0,0,0,0,0,,0,0,0,,0,0,0,0,,0,0,0,0,0,0,0,0,0,0,0,0,0,0,0,6967,0,0,0,0,0,0,0
11B196,6,40122,4,1,0,2,33,221,2,56,2,2,1,1,2,2,2,2,2,2,0,0,,0,0,0,0,0,0,,0,0,0,0,0,,0,0,,0,0,0,0,0,0,0,0,0,,0,0,0,0,0,,0,0,,0,0,0,0,0,0,0,0,0,0,,0,0,0,0,0,,0,0,0,,0,0,0,1,,2,2,2,2,2,2,2,0,2,0,1,2,2,2,2,11717,4,4,2,0,0,0,2
11B196,6,40122,3,1,0,1,33,221,1,62,4,1,8,1,2,2,2,1,2,2,0,0,,0,0,0,0,0,0,,0,0,0,0,0,,0,0,,0,0,0,0,0,0,0,0,0,,0,0,0,0,0,,3,3,,1,1,1,1,1,3,50,2,1,1,,0,0,0,0,0,,120,1,5,,1,2,2,0,,2,2,2,2,2,2,2,0,2,0,1,2,2,2,2,17399,3,3,1,0,0,2,1
11B196,6,40122,2,1,0,1,33,221,2,55,0, ,1,1,2,2,2,2,2,2,0,0,,0,0,0,0,0,0,,0,0,0,0,0,,0,0,,0,0,0,0,0,0,0,0,0,,0,0,0,0,0,,0,0,,0,0,0,0,0,0,0,0,0,0,,0,0,0,0,0,,0,0,0,,0,0,0,1,,2,2,2,2,2,2,2,0,2,0,2,0,0,0,0,5859,4,4,2,0,0,0,2
11B196,6,40122,1,1,0,2,33,221,2,20,3,3,7,1,1,1,2,2,2,2,2,4,,2,2,1,1,2,2,,2,0,2,1,1,,0,0,,0,0,0,0,0,0,0,0,0,,0,0,0,0,0,,0,0,,0,0,0,0,0,0,0,0,0,0,,0,0,0,0,0,,180,1,5,,2,3,2,0,,1,2,2,2,2,2,1,2,2,0,1,1,1,1,1,16054,1,1,1,2,0,0,1
11A192,6,40125,1,1,0,1,33,221,2,72,5,3,7,1,2,2,2,2,2,2,0,0,,0,0,0,0,0,0,,0,0,0,0,0,,0,0,,0,0,0,0,0,0,0,0,0,,0,0,0,0,0,,0,0,,0,0,0,0,0,0,0,0,0,0,,0,0,0,0,0,,0,0,0,,0,0,0,5,,2,2,2,2,2,2,2,0,1,2,1,1,1,1,2,12014,4,4,2,0,0,0,2
11A192,6,40125,4,1,0,2,33,221,2,73,0, ,8,1,2,2,2,2,2,2,0,0,,0,0,0,0,0,0,,0,0,0,0,0,,0,0,,0,0,0,0,0,0,0,0,0,,0,0,0,0,0,,0,0,,0,0,0,0,0,0,0,0,0,0,,0,0,0,0,0,,0,0,0,,0,0,0,5,,2,2,2,2,2,1,1,2,1,1,1,1,1,1,2,12014,4,4,2,0,0,0,2
11A192,6,40125,2,1,1,1,33,221,2,51,6,2,7,1,1,1,1,2,2,2,2,3,,2,2,2,1,1,2,,2,0,2,1,1,,3,5,,2,2,2,2,1,2,2,2,1,DE RELIGIÓN,2,0,2,1,1,,0,0,,0,0,0,0,0,0,0,0,0,0,,0,0,0,0,0,,60,2,0,,2,2,2,0,,2,2,2,2,2,2,2,0,2,0,1,2,2,2,2,4723,1,2,1,2,2,0,1
11A192,6,40125,3,1,0,1,33,221,1,61,2,6,4,2,0,0,0,0,0,0,0,0,,0,0,0,0,0,0,,0,0,0,0,0,,0,0,,0,0,0,0,0,0,0,0,0,,0,0,0,0,0,,0,0,,0,0,0,0,0,0,0,0,0,0,,0,0,0,0,0,,0,0,0,,0,0,0,0,,0,0,0,0,0,0,0,0,0,0,0,0,0,0,0,10091,0,0,0,0,0,0,0
11B187,6,40155,1,1,0,1,33,221,2,40,7,1,4,1,1,1,2,1,2,1,3,3,,2,1,2,1,1,2,,1,0,1,1,1,,0,0,,0,0,0,0,0,0,0,0,0,,0,0,0,0,0,,3,3,,1,1,1,1,1,1,0,1,2,2,,0,0,0,3,4,,60,2,0,,3,3,1,0,,2,1,2,2,1,1,1,1,1,2,1,3,1,1,2,6318,1,2,1,3,0,1,1
11B187,6,40155,3,1,0,1,33,221,1,40,4,3,4,1,2,2,2,2,2,2,0,0,,0,0,0,0,0,0,,0,0,0,0,0,,0,0,,0,0,0,0,0,0,0,0,0,,0,0,0,0,0,,0,0,,0,0,0,0,0,0,0,0,0,0,,0,0,0,0,0,,0,0,0,,0,0,0,1,,2,2,2,2,2,2,2,0,2,0,1,2,2,2,2,7002,4,4,2,0,0,0,2
11B187,6,40155,4,1,0,1,33,221,1,31,7,3,4,1,2,2,2,2,2,2,0,0,,0,0,0,0,0,0,,0,0,0,0,0,,0,0,,0,0,0,0,0,0,0,0,0,,0,0,0,0,0,,0,0,,0,0,0,0,0,0,0,0,0,0,,0,0,0,0,0,,0,0,0,,0,0,0,2,,2,2,2,2,2,2,2,0,2,0,1,1,1,1,1,7298,4,4,2,0,0,0,2
11B187,6,40155,2,1,0,1,33,221,1,28,6,2,1,1,1,2,2,2,2,1,0,0,,0,0,0,0,0,0,,0,0,0,0,0,,0,0,,0,0,0,0,0,0,0,0,0,,0,0,0,0,0,,0,0,,0,0,0,0,0,0,0,0,0,0,,0,0,0,1,3,,45,1,4,,3,3,1,0,,1,2,2,2,2,1,1,1,2,0,1,1,1,1,1,7298,1,3,1,0,0,0,2
12B194,6,40240,1,1,0,1,33,221,1,70,3,2,8,1,2,2,2,2,2,2,0,0,,0,0,0,0,0,0,,0,0,0,0,0,,0,0,,0,0,0,0,0,0,0,0,0,,0,0,0,0,0,,0,0,,0,0,0,0,0,0,0,0,0,0,,0,0,0,0,0,,0,0,0,,0,0,0,5,,2,2,2,2,2,2,2,0,2,0,2,0,0,0,0,8165,4,4,2,0,0,0,2
12B194,6,40240,2,1,0,2,33,221,2,66,4,3,3,1,1,1,2,2,2,2,6,5,,2,2,1,2,2,2,,2,0,2,1,1,,0,0,,0,0,0,0,0,0,0,0,0,,0,0,0,0,0,,0,0,,0,0,0,0,0,0,0,0,0,0,,0,0,0,0,0,,60,2,0,,2,2,2,0,,1,2,2,2,1,1,1,2,1,2,1,1,1,1,2,22800,1,1,1,2,0,0,1
12B194,6,40240,3,1,0,1,33,221,2,64,7,3,8,1,1,1,2,2,2,1,15,3,,2,1,1,1,1,2,,3,2500,2,1,1,,0,0,,0,0,0,0,0,0,0,0,0,,0,0,0,0,0,,0,0,,0,0,0,0,0,0,0,0,0,0,,0,0,0,2,4,,120,2,0,,2,4,2,0,,2,2,2,2,1,1,1,1,1,3,1,1,1,1,2,6448,1,2,1,2,0,0,1
12B194,6,40240,4,1,0,1,33,221,1,34,3,3,4,1,1,2,1,2,2,1,0,0,,0,0,0,0,0,0,,0,0,0,0,0,,2,4,,2,2,2,1,2,2,1,2,2,,2,0,2,1,1,,0,0,,0,0,0,0,0,0,0,0,0,0,,0,0,0,2,4,,60,2,0,,2,3,2,0,,2,1,2,2,2,1,1,2,1,1,1,2,2,2,1,7384,1,3,1,0,2,0,1
11B194,6,40276,4,1,0,1,33,221,1,58,7,4,4,1,2,2,2,2,2,2,0,0,,0,0,0,0,0,0,,0,0,0,0,0,,0,0,,0,0,0,0,0,0,0,0,0,,0,0,0,0,0,,0,0,,0,0,0,0,0,0,0,0,0,0,,0,0,0,0,0,,0,0,0,,0,0,0,1,,2,2,2,2,2,2,2,0,2,0,1,2,2,2,2,6646,4,4,2,0,0,0,2
11B194,6,40276,3,1,0,1,33,221,1,60,2,6,8,1,1,1,2,2,2,2,6,4,,2,2,2,1,2,2,,3,3000,2,1,1,,0,0,,0,0,0,0,0,0,0,0,0,,0,0,0,0,0,,0,0,,0,0,0,0,0,0,0,0,0,0,,0,0,0,0,0,,180,2,0,,2,3,2,0,,1,1,2,1,2,1,1,2,1,4,1,1,1,1,1,13292,1,1,1,2,0,0,1
11B194,6,40276,2,1,0,1,33,221,1,53,3,3,5,1,2,2,2,2,2,2,0,0,,0,0,0,0,0,0,,0,0,0,0,0,,0,0,,0,0,0,0,0,0,0,0,0,,0,0,0,0,0,,0,0,,0,0,0,0,0,0,0,0,0,0,,0,0,0,0,0,,0,0,0,,0,0,0,2,,2,2,2,2,2,2,2,0,3,0,1,2,2,2,2,7709,4,4,2,0,0,0,2
11B194,6,40276,1,1,0,1,33,221,2,51,3,3,8,1,2,2,2,2,2,2,0,0,,0,0,0,0,0,0,,0,0,0,0,0,,0,0,,0,0,0,0,0,0,0,0,0,,0,0,0,0,0,,0,0,,0,0,0,0,0,0,0,0,0,0,,0,0,0,0,0,,0,0,0,,0,0,0,1,,2,2,2,2,2,2,2,0,2,0,1,2,2,2,2,6221,4,4,2,0,0,0,2
11B188,6,40280,4,1,0,2,33,221,2,45,7,4,4,1,1,1,2,2,2,1,1,4,,2,2,2,1,2,2,,2,0,2,1,1,,0,0,,0,0,0,0,0,0,0,0,0,,0,0,0,0,0,,0,0,,0,0,0,0,0,0,0,0,0,0,,0,0,0,5,4,,30,1,5,,2,4,2,0,,1,2,2,2,1,1,1,2,1,1,1,1,1,1,1,25612,1,2,1,2,0,0,1
11B188,6,40280,1,1,0,1,33,221,1,61,2,6,8,2,0,0,0,0,0,0,0,0,,0,0,0,0,0,0,,0,0,0,0,0,,0,0,,0,0,0,0,0,0,0,0,0,,0,0,0,0,0,,0,0,,0,0,0,0,0,0,0,0,0,0,,0,0,0,0,0,,0,0,0,,0,0,0,0,,0,0,0,0,0,0,0,0,0,0,0,0,0,0,0,6841,0,0,0,0,0,0,0
11B188,6,40280,2,1,0,1,33,221,1,62,7,4,1,1,1,2,2,1,2,2,0,0,,0,0,0,0,0,0,,0,0,0,0,0,,0,0,,0,0,0,0,0,0,0,0,0,,0,0,0,0,0,,2,3,,2,2,2,2,2,3,45,2,1,1,,0,0,0,0,0,,60,2,0,,2,3,2,0,,2,2,2,2,2,1,2,0,1,1,1,2,1,1,3,13681,1,3,1,0,0,2,1
11B188,6,40280,3,1,0,2,33,221,1,75,2,1,8,1,2,2,2,2,2,2,0,0,,0,0,0,0,0,0,,0,0,0,0,0,,0,0,,0,0,0,0,0,0,0,0,0,,0,0,0,0,0,,0,0,,0,0,0,0,0,0,0,0,0,0,,0,0,0,0,0,,0,0,0,,0,0,0,5,,2,2,2,2,2,2,2,0,2,0,2,0,0,0,0,17499,4,4,2,0,0,0,2
12B188,6,40283,1,1,0,1,33,221,2,83,6,3,8,1,2,2,2,2,2,2,0,0,,0,0,0,0,0,0,,0,0,0,0,0,,0,0,,0,0,0,0,0,0,0,0,0,,0,0,0,0,0,,0,0,,0,0,0,0,0,0,0,0,0,0,,0,0,0,0,0,,0,0,0,,0,0,0,5,,2,2,2,2,2,1,1,1,1,4,1,1,1,1,3,6584,4,4,2,0,0,0,2
12B188,6,40283,3,1,0,1,33,221,2,69,3,3,8,1,2,2,2,2,2,2,0,0,,0,0,0,0,0,0,,0,0,0,0,0,,0,0,,0,0,0,0,0,0,0,0,0,,0,0,0,0,0,,0,0,,0,0,0,0,0,0,0,0,0,0,,0,0,0,0,0,,0,0,0,,0,0,0,1,,2,2,2,2,2,1,2,0,2,0,1,2,2,2,2,6584,4,4,2,0,0,0,2
12B188,6,40283,4,1,0,3,33,221,2,20,3,3,4,1,1,1,1,2,2,1,3,2,,2,1,2,1,2,2,,1,0,1,1,1,,3,1,,2,1,1,2,2,1,2,2,2,,1,0,1,2,1,,0,0,,0,0,0,0,0,0,0,0,0,0,,0,0,0,2,1,,120,1,4,,4,4,1,0,,1,2,2,1,1,1,1,1,1,3,1,1,1,1,1,22963,1,2,1,3,1,0,1
12B188,6,40283,2,1,0,1,33,221,2,78,3,3,8,1,1,1,2,2,2,2,8,4,,2,2,2,1,1,2,,2,0,2,1,1,,0,0,,0,0,0,0,0,0,0,0,0,,0,0,0,0,0,,0,0,,0,0,0,0,0,0,0,0,0,0,,0,0,0,0,0,,120,2,0,,2,4,2,0,,2,2,2,2,2,1,1,2,1,4,1,1,1,1,3,13169,1,1,1,2,0,0,1
13B195,6,40341,4,1,0,1,33,221,2,36,4,3,1,1,2,2,2,2,2,2,0,0,,0,0,0,0,0,0,,0,0,0,0,0,,0,0,,0,0,0,0,0,0,0,0,0,,0,0,0,0,0,,0,0,,0,0,0,0,0,0,0,0,0,0,,0,0,0,0,0,,0,0,0,,0,0,0,1,,2,2,2,2,2,2,2,0,2,0,1,2,2,2,2,18901,4,4,2,0,0,0,2
13B195,6,40341,1,1,0,1,33,221,1,33,6,2,1,1,1,2,1,2,2,1,0,0,,0,0,0,0,0,0,,0,0,0,0,0,,3,4,,2,2,1,1,2,2,2,1,2,,3,120,2,1,1,,0,0,,0,0,0,0,0,0,0,0,0,0,,0,0,0,1,4,,45,2,0,,2,3,2,0,,1,2,2,2,2,1,2,0,1,3,1,2,2,2,2,21834,1,3,1,0,2,0,1
13B195,6,40341,2,1,0,1,33,221,1,49,4,3,1,1,1,1,2,2,2,1,10,1,,2,1,2,2,2,2,,3,4000,1,1,1,,0,0,,0,0,0,0,0,0,0,0,0,,0,0,0,0,0,,0,0,,0,0,0,0,0,0,0,0,0,0,,0,0,0,1,3,,60,1,4,,4,4,1,0,,2,2,2,1,1,1,2,0,1,5,1,1,1,1,1,21895,1,2,1,3,0,0,1
13B195,6,40341,3,1,0,3,33,221,1,35,3,3,5,1,1,1,2,2,2,1,2,4,,2,2,2,1,1,2,,1,0,1,1,1,,0,0,,0,0,0,0,0,0,0,0,0,,0,0,0,0,0,,0,0,,0,0,0,0,0,0,0,0,0,0,,0,0,0,2,3,,45,1,4,,4,4,2,0,,2,2,2,2,1,1,1,2,1,3,1,1,1,1,1,83798,1,2,1,3,0,0,1
13A191,6,40410,2,1,0,1,33,221,2,64,6,2,7,1,2,2,2,2,2,2,0,0,,0,0,0,0,0,0,,0,0,0,0,0,,0,0,,0,0,0,0,0,0,0,0,0,,0,0,0,0,0,,0,0,,0,0,0,0,0,0,0,0,0,0,,0,0,0,0,0,,0,0,0,,0,0,0,5,,2,2,2,2,2,2,2,0,2,0,1,3,1,1,3,8772,4,4,2,0,0,0,2
13A191,6,40410,1,1,0,1,33,221,1,34,7,4,1,1,2,2,2,2,2,2,0,0,,0,0,0,0,0,0,,0,0,0,0,0,,0,0,,0,0,0,0,0,0,0,0,0,,0,0,0,0,0,,0,0,,0,0,0,0,0,0,0,0,0,0,,0,0,0,0,0,,0,0,0,,0,0,0,2,,2,2,2,2,2,2,2,0,2,0,1,2,2,3,3,10045,4,4,2,0,0,0,2
13A191,6,40410,3,1,0,2,33,221,1,28,7,3,5,1,2,2,2,2,1,1,0,0,,0,0,0,0,0,0,,0,0,0,0,0,,0,0,,0,0,0,0,0,0,0,0,0,,0,0,0,0,0,,0,0,,0,0,0,0,0,0,0,0,0,0,,5,1,2,1,4,,45,1,4,,4,3,2,0,,2,2,2,2,2,2,2,0,1,1,1,3,3,3,3,30133,3,3,1,0,0,0,2
13A191,6,40410,4,1,0,2,33,221,1,20,4,3,4,1,2,2,2,2,2,2,0,0,,0,0,0,0,0,0,,0,0,0,0,0,,0,0,,0,0,0,0,0,0,0,0,0,,0,0,0,0,0,,0,0,,0,0,0,0,0,0,0,0,0,0,,0,0,0,0,0,,0,0,0,,0,0,0,1,,2,2,2,2,2,2,2,0,2,0,1,2,2,2,3,31175,4,4,2,0,0,0,2
11B193,7,40018,4,1,0,2,19,221,2,51,3,3,7,1,2,2,1,1,2,2,0,0,,0,0,0,0,0,0,,0,0,0,0,0,,5,4,,2,2,2,2,2,2,2,1,2,,3,100,2,1,1,,2,4,,2,1,1,2,1,2,0,2,1,1,,0,0,0,0,0,,15,2,0,,3,2,2,0,,2,2,2,2,2,2,2,0,1,1,1,1,1,1,2,10847,3,3,1,0,2,2,1
11B193,7,40018,2,1,0,1,19,221,2,43,2,6,1,1,1,2,2,1,2,2,0,0,,0,0,0,0,0,0,,0,0,0,0,0,,0,0,,0,0,0,0,0,0,0,0,0,,0,0,0,0,0,,2,3,,2,2,1,2,1,2,0,2,1,1,,0,0,0,0,0,,60,2,0,,1,2,2,0,,2,2,2,2,2,1,1,2,1,1,1,1,1,1,2,17405,1,3,1,0,0,2,1
11B193,7,40018,3,1,0,1,19,221,1,61,4,3,1,1,1,1,2,1,2,1,4,1,,1,2,2,2,1,2,,1,0,1,1,1,,0,0,,0,0,0,0,0,0,0,0,0,,0,0,0,0,0,,4,3,,1,1,2,1,1,1,0,1,2,1,,0,0,0,5,1,,45,1,6,,4,4,1,0,,2,2,2,2,2,1,1,1,1,2,1,1,1,1,1,11588,1,2,1,3,0,1,1
12B193,7,40049,2,1,0,1,19,221,2,45,0, ,1,2,0,0,0,0,0,0,0,0,,0,0,0,0,0,0,,0,0,0,0,0,,0,0,,0,0,0,0,0,0,0,0,0,,0,0,0,0,0,,0,0,,0,0,0,0,0,0,0,0,0,0,,0,0,0,0,0,,0,0,0,,0,0,0,0,,0,0,0,0,0,0,0,0,0,0,0,0,0,0,0,17661,0,0,0,0,0,0,0
12B193,7,40049,1,1,0,1,19,221,2,35,2,6,1,1,2,2,1,1,2,2,0,0,,0,0,0,0,0,0,,0,0,0,0,0,,2,4,,2,2,2,2,2,2,2,1,2,,2,0,2,1,1,,1,3,,1,1,2,2,1,3,12,2,1,1,,0,0,0,0,0,,20,2,0,,2,1,1,0,,2,2,2,2,2,2,2,0,2,0,1,2,1,1,2,6298,3,3,1,0,2,2,1
12B193,7,40049,4,1,0,1,19,221,1,52,3,2,1,1,2,2,2,1,2,2,0,0,,0,0,0,0,0,0,,0,0,0,0,0,,0,0,,0,0,0,0,0,0,0,0,0,,0,0,0,0,0,,2,4,,1,1,2,2,1,2,0,2,1,2,,0,0,0,0,0,,5,2,0,,2,3,2,0,,2,2,2,2,2,2,2,0,2,0,1,1,1,1,1,7295,3,3,1,0,0,2,1
12B196,7,40087,1,1,0,2,19,221,2,56,4,3,7,1,1,2,2,2,2,2,0,0,,0,0,0,0,0,0,,0,0,0,0,0,,0,0,,0,0,0,0,0,0,0,0,0,,0,0,0,0,0,,0,0,,0,0,0,0,0,0,0,0,0,0,,0,0,0,0,0,,0,0,0,,0,0,0,1,,2,2,2,2,2,2,2,0,2,0,1,1,1,1,1,25485,2,4,2,0,0,0,2
12B196,7,40087,4,1,0,1,19,221,2,33,7,4,1,1,1,1,1,1,2,1,1,4,,2,2,1,2,2,2,,2,0,2,1,1,,1,3,,2,2,2,2,2,2,2,1,2,,1,0,1,2,1,,3,3,,2,2,1,1,1,1,0,1,2,1,,0,0,0,3,1,,15,1,6,,2,2,1,0,,2,2,2,2,1,1,1,1,1,1,1,1,2,2,1,19633,1,2,1,2,1,1,1
12B196,7,40087,2,1,0,1,19,221,1,41,8,2,1,1,1,1,2,2,2,2,5,4,,2,2,2,1,2,2,,3,80,2,1,1,,0,0,,0,0,0,0,0,0,0,0,0,,0,0,0,0,0,,0,0,,0,0,0,0,0,0,0,0,0,0,,0,0,0,0,0,,5,2,0,,2,4,1,0,,2,2,2,2,1,1,1,2,1,1,1,1,1,1,1,11200,1,1,1,2,0,0,1
12A192,7,40130,1,1,1,1,19,221,2,49,3,3,1,1,1,2,2,2,2,2,0,0,,0,0,0,0,0,0,,0,0,0,0,0,,0,0,,0,0,0,0,0,0,0,0,0,,0,0,0,0,0,,0,0,,0,0,0,0,0,0,0,0,0,0,,0,0,0,0,0,,0,0,0,,0,0,0,3,,2,2,2,2,2,2,2,0,2,0,1,1,1,1,2,27470,2,4,2,0,0,0,2
12A192,7,40130,3,1,0,1,19,221,2,49,7,1,1,1,1,1,2,2,2,2,3,3,,2,1,2,2,2,2,,2,0,2,1,1,,0,0,,0,0,0,0,0,0,0,0,0,,0,0,0,0,0,,0,0,,0,0,0,0,0,0,0,0,0,0,,0,0,0,0,0,,90,2,0,,3,3,1,0,,2,2,2,2,2,1,2,0,2,0,1,2,1,1,2,20602,1,1,1,2,0,0,1
12A192,7,40130,4,1,0,1,19,221,2,73,2,5,7,1,1,1,2,2,2,2,1,5,,2,2,1,2,2,2,,2,0,2,1,1,,0,0,,0,0,0,0,0,0,0,0,0,,0,0,0,0,0,,0,0,,0,0,0,0,0,0,0,0,0,0,,0,0,0,0,0,,5,2,0,,1,1,2,0,,2,2,2,2,2,2,2,0,2,0,1,1,1,1,1,8735,1,1,1,2,0,0,1
12A192,7,40130,2,1,0,2,19,221,2,25,7,5,1,1,1,1,2,2,1,1,2,1,,2,1,2,2,2,2,,2,0,1,2,1,,0,0,,0,0,0,0,0,0,0,0,0,,0,0,0,0,0,,0,0,,0,0,0,0,0,0,0,0,0,0,,3,1,2,2,1,,30,2,0,,2,3,1,0,,2,2,2,2,1,1,1,1,1,1,1,1,1,1,1,14274,1,2,1,1,0,0,1
12B187,7,40151,1,1,1,1,19,221,2,36,3,1,3,1,1,1,2,2,2,2,8,3,,2,1,2,1,1,2,,2,0,2,1,1,,0,0,,0,0,0,0,0,0,0,0,0,,0,0,0,0,0,,0,0,,0,0,0,0,0,0,0,0,0,0,,0,0,0,0,0,,15,2,0,,3,3,1,0,,2,2,2,2,1,2,2,0,2,0,1,1,1,1,1,8493,1,1,1,2,0,0,1
12B187,7,40151,2,1,0,4,19,221,2,25,4,3,1,1,2,1,2,2,2,1,2,4,,2,2,2,1,2,2,,1,0,1,2,1,,0,0,,0,0,0,0,0,0,0,0,0,,0,0,0,0,0,,0,0,,0,0,0,0,0,0,0,0,0,0,,0,0,0,5,4,,15,2,0,,2,4,1,0,,2,2,2,2,2,2,1,1,1,1,1,2,1,2,2,41256,3,2,1,1,0,0,1
12B187,7,40151,3,1,0,3,19,221,1,36,7,3,1,1,2,2,1,2,2,1,0,0,,0,0,0,0,0,0,,0,0,0,0,0,,2,4,,2,2,2,2,2,2,2,1,2,,1,0,1,2,1,,0,0,,0,0,0,0,0,0,0,0,0,0,,0,0,0,5,3,,5,2,0,,2,3,1,0,,2,2,2,2,1,2,2,0,1,1,1,1,1,1,1,37656,3,3,1,0,1,0,1
11B187,7,40152,3,1,0,1,19,221,2,43,3,3,1,1,2,2,2,2,2,2,0,0,,0,0,0,0,0,0,,0,0,0,0,0,,0,0,,0,0,0,0,0,0,0,0,0,,0,0,0,0,0,,0,0,,0,0,0,0,0,0,0,0,0,0,,0,0,0,0,0,,0,0,0,,0,0,0,1,,2,2,2,2,2,2,1,2,2,0,1,1,1,1,2,5450,4,4,2,0,0,0,2
11B187,7,40152,1,1,0,2,19,221,2,80,2,2,7,1,1,1,2,2,2,2,1,5,,2,2,1,2,2,2,,2,0,2,1,1,,0,0,,0,0,0,0,0,0,0,0,0,,0,0,0,0,0,,0,0,,0,0,0,0,0,0,0,0,0,0,,0,0,0,0,0,,20,2,0,,1,3,2,0,,2,2,2,2,2,2,2,0,2,0,1,2,2,2,2,12960,1,1,1,2,0,0,1
13B188,7,40252,2,1,0,1,19,221,1,33,4,1,1,1,1,1,2,2,2,2,1,5,,2,2,1,2,2,2,,2,0,2,1,1,,0,0,,0,0,0,0,0,0,0,0,0,,0,0,0,0,0,,0,0,,0,0,0,0,0,0,0,0,0,0,,0,0,0,0,0,,15,2,0,,3,3,2,0,,2,2,2,2,1,2,1,2,1,1,1,1,1,1,2,23989,1,1,1,2,0,0,1
13B188,7,40252,4,1,0,1,19,221,1,49,2,5,1,1,1,1,1,2,2,1,2,3,,2,2,2,2,1,2,,3,160,2,1,1,,3,4,,2,2,2,2,2,1,1,2,2,,2,0,2,1,1,,0,0,,0,0,0,0,0,0,0,0,0,0,,0,0,0,5,4,,60,1,2,,1,4,1,0,,2,1,2,1,1,1,2,0,1,1,1,1,1,1,1,12028,1,2,1,2,2,0,1
13B188,7,40252,1,1,0,2,19,221,2,26,7,5,7,1,1,1,1,2,2,1,2,4,,2,2,2,1,2,2,,3,100,2,1,1,,1,3,,2,2,2,2,2,1,2,2,2,,3,70,2,1,1,,0,0,,0,0,0,0,0,0,0,0,0,0,,0,0,0,2,3,,15,2,0,,3,4,1,0,,1,1,2,2,1,1,1,1,1,5,1,1,1,1,1,20175,1,2,1,2,2,0,1
13B188,7,40252,3,1,0,2,19,221,2,39,3,3,1,1,1,2,2,2,2,2,0,0,,0,0,0,0,0,0,,0,0,0,0,0,,0,0,,0,0,0,0,0,0,0,0,0,,0,0,0,0,0,,0,0,,0,0,0,0,0,0,0,0,0,0,,0,0,0,0,0,,0,0,0,,0,0,0,1,,2,2,2,2,2,1,2,0,2,0,1,1,1,1,2,31150,2,4,2,0,0,0,2
13B194,7,40277,3,1,0,1,19,221,2,82,2,2,7,1,1,1,2,2,2,2,1,5,,2,2,1,2,2,2,,2,0,2,1,1,,0,0,,0,0,0,0,0,0,0,0,0,,0,0,0,0,0,,0,0,,0,0,0,0,0,0,0,0,0,0,,0,0,0,0,0,,10,2,0,,1,1,2,0,,2,2,2,2,2,2,2,0,2,0,1,1,1,2,2,56587,1,1,1,2,0,0,1
13B194,7,40277,2,1,0,2,19,221,2,31,2,6,7,1,2,2,1,1,2,1,0,0,,0,0,0,0,0,0,,0,0,0,0,0,,1,3,,2,2,1,2,2,2,2,2,2,,3,40,2,1,1,,1,3,,2,2,2,2,1,2,0,2,1,1,,0,0,0,5,4,,30,2,0,,2,4,1,0,,2,2,2,2,1,2,2,0,2,0,1,2,1,1,1,18494,3,3,1,0,2,2,1
13B194,7,40277,4,1,0,2,19,221,2,31,4,3,7,1,2,2,2,2,2,1,0,0,,0,0,0,0,0,0,,0,0,0,0,0,,0,0,,0,0,0,0,0,0,0,0,0,,0,0,0,0,0,,0,0,,0,0,0,0,0,0,0,0,0,0,,0,0,0,5,3,,10,2,0,,3,2,1,0,,2,2,2,2,2,2,2,0,2,0,1,1,1,1,1,18494,3,3,1,0,0,0,2
13B194,7,40277,1,1,0,1,19,221,1,44,3,3,1,1,2,2,2,1,2,2,0,0,,0,0,0,0,0,0,,0,0,0,0,0,,0,0,,0,0,0,0,0,0,0,0,0,,0,0,0,0,0,,2,3,,1,1,2,2,1,2,0,2,1,2,,0,0,0,0,0,,10,2,0,,3,3,2,0,,2,2,2,2,2,2,2,0,2,0,1,1,1,1,1,21100,3,3,1,0,0,2,1
13A191,7,40378,1,1,0,4,19,221,2,43,8,2,1,1,1,1,2,2,2,1,3,1,,2,1,2,2,1,2,,3,700,2,1,1,,0,0,,0,0,0,0,0,0,0,0,0,,0,0,0,0,0,,0,0,,0,0,0,0,0,0,0,0,0,0,,0,0,0,5,3,,60,1,6,,3,3,1,0,,1,1,2,1,2,1,1,1,1,5,1,2,2,2,2,15104,1,2,1,2,0,0,1
13A191,7,40378,3,1,0,2,19,221,2,32,7,5,1,1,2,2,2,2,2,1,0,0,,0,0,0,0,0,0,,0,0,0,0,0,,0,0,,0,0,0,0,0,0,0,0,0,,0,0,0,0,0,,0,0,,0,0,0,0,0,0,0,0,0,0,,0,0,0,5,3,,60,2,0,,3,2,1,0,,2,2,2,2,1,1,2,0,1,2,1,2,1,1,1,14673,3,3,1,0,0,0,2
13A191,7,40378,4,1,0,2,19,221,2,36,8,2,3,1,1,1,1,2,1,1,6,4,,1,1,2,1,1,2,,2,0,1,1,1,,4,3,,2,2,1,1,2,1,1,2,2,,1,0,1,1,1,,0,0,,0,0,0,0,0,0,0,0,0,0,,3,1,2,2,4,,30,1,7,COCINAR,4,4,2,0,,2,2,2,2,1,1,1,2,1,5,1,1,1,1,1,15104,1,2,1,3,3,0,1
12B195,7,40405,4,1,0,1,19,221,1,59,8,2,8,1,1,1,2,2,2,1,2,3,,2,1,2,2,1,2,,2,0,2,1,1,,0,0,,0,0,0,0,0,0,0,0,0,,0,0,0,0,0,,0,0,,0,0,0,0,0,0,0,0,0,0,,0,0,0,5,3,,20,2,0,,4,4,1,0,,2,2,2,2,1,1,2,0,1,3,1,1,1,2,1,20046,1,2,1,2,0,0,1
12B195,7,40405,2,1,0,2,19,221,2,33,5,3,7,1,1,1,1,2,2,1,2,5,,2,2,1,2,2,2,,2,0,2,1,1,,3,4,,2,1,1,2,2,2,2,1,2,,2,0,1,1,1,,0,0,,0,0,0,0,0,0,0,0,0,0,,0,0,0,5,4,,60,1,7,COCINAR,1,3,1,0,,2,2,2,2,1,1,2,0,1,1,1,2,1,1,1,19500,1,2,1,2,3,0,1
12B195,7,40405,3,1,0,5,19,221,1,23,7,3,6,1,1,1,1,2,1,1,2,2,,2,1,2,1,2,2,,1,0,1,2,1,,3,2,,2,2,2,2,2,1,1,2,2,,1,0,1,2,1,,0,0,,0,0,0,0,0,0,0,0,0,0,,3,1,2,2,2,,30,1,3,,4,3,1,0,,2,2,2,2,2,1,1,2,1,1,1,2,2,2,1,59971,1,2,1,1,1,0,1
13B195,7,40406,2,1,0,2,19,221,2,31,7,5,7,1,1,1,1,1,2,1,3,3,,2,2,1,1,1,2,,1,0,1,1,1,,5,3,,2,1,2,1,2,1,2,1,2,,3,135,2,1,1,,2,3,,1,2,1,1,1,2,0,2,1,1,,0,0,0,2,3,,60,2,0,,4,4,1,0,,1,2,2,2,1,1,1,1,1,2,1,1,1,1,1,14599,1,2,1,3,2,2,1
13B195,7,40406,4,1,0,2,19,221,1,23,7,3,6,1,1,1,1,2,2,1,6,2,,1,1,2,2,2,2,,1,0,1,2,1,,2,2,,2,2,2,1,2,1,2,2,2,,1,0,1,2,1,,0,0,,0,0,0,0,0,0,0,0,0,0,,0,0,0,2,2,,60,2,0,,3,2,2,0,,2,2,2,2,1,1,1,2,1,1,1,1,1,1,2,26940,1,2,1,1,1,0,1
13B195,7,40406,3,1,0,4,19,221,1,35,7,1,1,1,1,2,2,2,2,1,0,0,,0,0,0,0,0,0,,0,0,0,0,0,,0,0,,0,0,0,0,0,0,0,0,0,,0,0,0,0,0,,0,0,,0,0,0,0,0,0,0,0,0,0,,0,0,0,5,4,,10,2,0,,2,4,2,0,,2,2,2,2,2,1,1,1,1,2,1,1,1,1,1,24985,1,3,1,0,0,0,2
13B195,7,40406,1,1,0,3,19,221,1,29,8,1,1,1,1,2,1,1,1,1,0,0,,0,0,0,0,0,0,,0,0,0,0,0,,5,4,,1,2,1,1,2,2,1,1,2,,1,0,1,2,1,,2,3,,2,1,2,2,1,1,0,1,2,1,,2,1,2,2,3,,30,2,0,,3,3,1,0,,2,2,2,2,1,1,1,1,1,2,1,1,1,1,2,34719,1,3,1,0,1,1,1
12A191,7,40411,3,1,0,6,19,221,1,51,0, ,1,1,2,2,2,2,2,2,0,0,,0,0,0,0,0,0,,0,0,0,0,0,,0,0,,0,0,0,0,0,0,0,0,0,,0,0,0,0,0,,0,0,,0,0,0,0,0,0,0,0,0,0,,0,0,0,0,0,,0,0,0,,0,0,0,1,,2,2,2,2,2,2,2,0,2,0,1,2,2,2,2,13642,4,4,2,0,0,0,2
12A191,7,40411,4,1,0,2,19,221,2,30,2,6,1,1,2,2,2,2,2,2,0,0,,0,0,0,0,0,0,,0,0,0,0,0,,0,0,,0,0,0,0,0,0,0,0,0,,0,0,0,0,0,,0,0,,0,0,0,0,0,0,0,0,0,0,,0,0,0,0,0,,0,0,0,,0,0,0,4,,2,2,2,2,2,2,2,0,2,0,1,2,1,2,2,17160,4,4,2,0,0,0,2
13B193,8,40017,1,1,0,1,9,221,1,27,6,3,1,1,1,1,1,1,2,2,2,2,,2,1,2,2,2,2,,2,0,2,1,1,,2,4,,1,2,2,2,2,2,2,2,2,,2,0,2,1,1,,5,3,,2,1,2,1,1,1,0,1,2,1,,0,0,0,0,0,,20,2,0,,2,4,2,0,,2,2,2,2,1,1,1,2,1,2,1,2,1,1,1,18645,1,2,1,2,2,1,1
13B193,8,40017,2,1,0,1,9,221,1,50,7,1,9,1,1,2,2,1,2,2,0,0,,0,0,0,0,0,0,,0,0,0,0,0,,0,0,,0,0,0,0,0,0,0,0,0,,0,0,0,0,0,,7,3,,2,1,1,2,1,1,0,1,2,1,,0,0,0,0,0,,15,2,0,,3,4,2,0,,2,2,2,2,1,1,1,2,1,4,1,1,1,1,1,28046,1,3,1,0,0,1,1
13B193,8,40017,4,1,0,1,9,221,2,35,7,4,1,1,1,1,2,2,2,2,1,4,,2,2,2,1,2,2,,1,0,1,2,1,,0,0,,0,0,0,0,0,0,0,0,0,,0,0,0,0,0,,0,0,,0,0,0,0,0,0,0,0,0,0,,0,0,0,0,0,,60,2,0,,4,4,2,0,,2,2,2,2,2,1,2,0,1,1,1,1,1,1,1,8070,1,1,1,1,0,0,1
12B196,8,40058,1,1,0,1,9,221,2,59,2,6,8,1,1,1,2,2,2,2,1,3,,2,2,1,2,2,2,,2,0,2,1,1,,0,0,,0,0,0,0,0,0,0,0,0,,0,0,0,0,0,,0,0,,0,0,0,0,0,0,0,0,0,0,,0,0,0,0,0,,10,2,0,,1,1,2,0,,2,2,2,2,2,2,2,0,2,0,1,2,1,1,1,7793,1,1,1,2,0,0,1
12B196,8,40058,2,1,0,2,9,221,1,61,7,4,8,1,2,2,2,1,2,2,0,0,,0,0,0,0,0,0,,0,0,0,0,0,,0,0,,0,0,0,0,0,0,0,0,0,,0,0,0,0,0,,1,4,,1,1,1,1,1,3,12,2,1,1,,0,0,0,0,0,,10,2,0,,2,3,1,0,,2,2,2,2,1,1,1,2,1,1,1,1,1,1,1,15429,3,3,1,0,0,2,1
12B196,8,40058,3,1,0,1,9,221,2,30,4,3,1,1,1,1,2,2,2,2,1,3,,2,2,1,2,2,2,,2,0,2,1,1,,0,0,,0,0,0,0,0,0,0,0,0,,0,0,0,0,0,,0,0,,0,0,0,0,0,0,0,0,0,0,,0,0,0,0,0,,30,2,0,,2,3,2,0,,1,2,2,2,2,2,2,0,1,1,1,1,1,2,1,15009,1,1,1,2,0,0,1
13B196,8,40089,3,1,0,1,9,221,1,64,4,3,8,1,1,1,2,2,2,2,1,3,,2,2,1,2,2,2,,2,0,2,1,1,,0,0,,0,0,0,0,0,0,0,0,0,,0,0,0,0,0,,0,0,,0,0,0,0,0,0,0,0,0,0,,0,0,0,0,0,,5,2,0,,1,4,2,0,,2,2,2,2,2,2,2,0,1,2,1,2,1,1,1,7198,1,1,1,2,0,0,1
12A192,8,40127,4,1,0,1,9,221,1,76,3,2,8,1,1,1,2,2,2,2,2,5,,2,2,1,2,2,2,,2,0,2,1,1,,0,0,,0,0,0,0,0,0,0,0,0,,0,0,0,0,0,,0,0,,0,0,0,0,0,0,0,0,0,0,,0,0,0,0,0,,30,2,0,,2,3,2,0,,2,2,2,2,2,2,2,0,1,1,1,1,1,1,2,9483,1,1,1,2,0,0,1
12A192,8,40127,1,1,0,2,9,221,1,19,6,1,1,1,1,2,1,2,2,2,0,0,,0,0,0,0,0,0,,0,0,0,0,0,,5,2,,2,2,2,2,2,2,1,2,2,,3,100,2,1,1,,0,0,,0,0,0,0,0,0,0,0,0,0,,0,0,0,0,0,,60,2,0,,4,4,2,0,,1,2,2,2,1,1,1,2,1,1,1,1,1,1,1,17743,1,3,1,0,2,0,1
12A192,8,40127,3,1,0,1,9,221,1,63,3,3,1,1,1,2,2,1,2,2,0,0,,0,0,0,0,0,0,,0,0,0,0,0,,0,0,,0,0,0,0,0,0,0,0,0,,0,0,0,0,0,,2,3,,1,1,2,1,1,3,24,2,1,1,,0,0,0,0,0,,20,2,0,,2,2,2,0,,2,2,2,2,2,1,2,0,2,0,1,2,1,2,2,14827,1,3,1,0,0,2,1
12A192,8,40127,2,1,0,1,9,221,2,36,4,3,1,1,1,1,2,2,2,2,1,4,,2,2,2,1,2,2,,2,0,2,1,1,,0,0,,0,0,0,0,0,0,0,0,0,,0,0,0,0,0,,0,0,,0,0,0,0,0,0,0,0,0,0,,0,0,0,0,0,,20,2,0,,2,3,2,0,,2,2,2,2,2,1,2,0,1,4,1,1,1,1,1,22270,1,1,1,2,0,0,1
13B187,8,40151,4,1,0,1,9,221,2,78,2,3,7,1,1,1,2,2,2,2,4,4,,2,2,1,2,2,2,,3,300,2,1,1,,0,0,,0,0,0,0,0,0,0,0,0,,0,0,0,0,0,,0,0,,0,0,0,0,0,0,0,0,0,0,,0,0,0,0,0,,120,2,0,,2,4,2,0,,2,2,2,2,2,1,1,2,1,1,1,2,1,2,2,39353,1,1,1,2,0,0,1
13B187,8,40151,2,1,0,1,9,221,1,32,7,5,1,1,1,1,2,1,2,2,2,4,,2,2,2,2,1,2,,1,0,1,2,1,,0,0,,0,0,0,0,0,0,0,0,0,,0,0,0,0,0,,21,4,,1,2,1,2,1,1,0,1,2,1,,0,0,0,0,0,,60,1,6,,4,3,1,0,,2,2,2,2,2,2,2,0,1,1,1,2,1,2,2,25488,1,2,1,1,0,1,1
13A192,8,40162,4,1,0,2,9,221,2,58,3,3,7,1,1,1,2,2,2,2,1,4,,2,2,1,2,2,2,,3,250,2,1,1,,0,0,,0,0,0,0,0,0,0,0,0,,0,0,0,0,0,,0,0,,0,0,0,0,0,0,0,0,0,0,,0,0,0,0,0,,10,2,0,,2,2,2,0,,1,2,2,2,2,2,2,0,2,0,1,3,1,3,2,26867,1,1,1,2,0,0,1
13A192,8,40162,1,1,0,2,9,221,2,71,2,6,7,1,1,2,2,1,2,2,0,0,,0,0,0,0,0,0,,0,0,0,0,0,,0,0,,0,0,0,0,0,0,0,0,0,,0,0,0,0,0,,7,3,,1,2,1,1,2,3,105,2,1,1,,0,0,0,0,0,,30,2,0,,1,3,2,0,,2,1,2,2,2,2,2,0,2,0,1,1,2,1,1,15834,1,3,1,0,0,2,1
11B188,8,40251,1,1,0,2,9,221,2,52,2,6,7,1,1,2,2,2,2,2,0,0,,0,0,0,0,0,0,,0,0,0,0,0,,0,0,,0,0,0,0,0,0,0,0,0,,0,0,0,0,0,,0,0,,0,0,0,0,0,0,0,0,0,0,,0,0,0,0,0,,0,0,0,,0,0,0,3,,2,2,2,2,2,2,2,0,2,0,1,1,1,1,1,18718,2,4,2,0,0,0,2
11B188,8,40251,2,1,0,1,9,221,1,64,3,3,1,1,1,1,1,1,2,2,3,4,,2,1,1,1,2,2,,2,0,2,1,1,,2,4,,2,2,2,1,2,2,2,2,2,,2,0,2,1,1,,6,4,,2,1,2,2,1,3,60,2,1,1,,0,0,0,0,0,,60,2,0,,1,3,2,0,,2,2,2,2,2,2,2,0,2,0,1,1,1,1,1,13331,1,2,1,2,2,2,1
11B188,8,40251,3,1,0,1,9,221,2,69,2,5,8,1,1,1,2,2,2,2,1,5,,2,2,1,2,2,2,,3,300,2,1,1,,0,0,,0,0,0,0,0,0,0,0,0,,0,0,0,0,0,,0,0,,0,0,0,0,0,0,0,0,0,0,,0,0,0,0,0,,15,2,0,,1,1,2,0,,2,2,2,2,2,1,1,2,2,0,1,2,1,1,1,15872,1,1,1,2,0,0,1
11B188,8,40251,4,1,0,1,9,221,1,60,2,6,8,1,2,2,2,2,2,2,0,0,,0,0,0,0,0,0,,0,0,0,0,0,,0,0,,0,0,0,0,0,0,0,0,0,,0,0,0,0,0,,0,0,,0,0,0,0,0,0,0,0,0,0,,0,0,0,0,0,,0,0,0,,0,0,0,5,,2,2,2,2,2,2,2,0,1,1,1,2,1,2,2,26663,4,4,2,0,0,0,2
12B194,8,40273,2,1,0,2,9,221,2,51,2,6,1,1,2,1,2,2,2,2,3,3,,2,2,1,2,2,2,,3,250,2,1,1,,0,0,,0,0,0,0,0,0,0,0,0,,0,0,0,0,0,,0,0,,0,0,0,0,0,0,0,0,0,0,,0,0,0,0,0,,30,2,0,,2,1,2,0,,2,2,2,2,2,2,2,0,2,0,1,2,1,1,1,14508,3,1,1,2,0,0,1
12B194,8,40273,3,1,0,2,9,221,2,57,6,3,1,1,1,2,1,2,2,2,0,0,,0,0,0,0,0,0,,0,0,0,0,0,,4,4,,2,2,2,1,2,2,2,2,2,,3,30,2,1,1,,0,0,,0,0,0,0,0,0,0,0,0,0,,0,0,0,0,0,,60,2,0,,4,4,2,0,,2,2,2,1,2,1,2,0,1,1,1,1,1,1,1,15657,1,3,1,0,2,0,1
12B194,8,40273,4,1,0,2,9,221,2,69,2,6,9,1,2,2,2,2,2,2,0,0,,0,0,0,0,0,0,,0,0,0,0,0,,0,0,,0,0,0,0,0,0,0,0,0,,0,0,0,0,0,,0,0,,0,0,0,0,0,0,0,0,0,0,,0,0,0,0,0,,0,0,0,,0,0,0,5,,2,2,2,2,2,2,2,0,2,0,1,3,2,2,2,18453,4,4,2,0,0,0,2
12B194,8,40273,1,1,0,1,9,221,2,22,4,2,7,1,2,2,1,2,2,2,0,0,,0,0,0,0,0,0,,0,0,0,0,0,,1,4,,2,2,2,2,2,2,2,1,2,,2,0,2,1,1,,0,0,,0,0,0,0,0,0,0,0,0,0,,0,0,0,0,0,,20,1,3,,2,2,2,0,,2,2,2,2,2,2,1,2,1,1,1,1,1,1,1,21452,3,3,1,0,2,0,1
11B194,8,40277,1,1,0,2,9,221,2,42,3,3,1,1,2,2,2,2,2,2,0,0,,0,0,0,0,0,0,,0,0,0,0,0,,0,0,,0,0,0,0,0,0,0,0,0,,0,0,0,0,0,,0,0,,0,0,0,0,0,0,0,0,0,0,,0,0,0,0,0,,0,0,0,,0,0,0,3,,2,2,2,2,1,1,2,0,1,1,1,2,2,2,2,21354,4,4,2,0,0,0,2
11B194,8,40277,3,1,0,2,9,221,2,48,2,6,1,1,1,2,2,2,2,2,0,0,,0,0,0,0,0,0,,0,0,0,0,0,,0,0,,0,0,0,0,0,0,0,0,0,,0,0,0,0,0,,0,0,,0,0,0,0,0,0,0,0,0,0,,0,0,0,0,0,,0,0,0,,0,0,0,3,,2,2,2,2,1,1,1,2,1,3,1,3,1,1,1,13308,2,4,2,0,0,0,2
12B188,8,40285,4,1,0,3,9,221,2,29,4,3,1,1,1,1,2,2,2,2,1,4,,2,2,2,1,2,2,,2,0,2,1,1,,0,0,,0,0,0,0,0,0,0,0,0,,0,0,0,0,0,,0,0,,0,0,0,0,0,0,0,0,0,0,,0,0,0,0,0,,60,2,0,,2,3,2,0,,1,2,2,1,1,1,1,1,1,1,1,1,2,1,2,23798,1,1,1,2,0,0,1
12B188,8,40285,3,1,0,3,9,221,1,22,3,3,1,1,2,2,2,2,2,2,0,0,,0,0,0,0,0,0,,0,0,0,0,0,,0,0,,0,0,0,0,0,0,0,0,0,,0,0,0,0,0,,0,0,,0,0,0,0,0,0,0,0,0,0,,0,0,0,0,0,,0,0,0,,0,0,0,1,,2,2,2,2,2,2,1,2,1,1,1,1,1,1,1,48793,4,4,2,0,0,0,2
12B188,8,40285,1,1,0,2,9,221,2,42,4,3,7,1,1,2,1,2,2,2,0,0,,0,0,0,0,0,0,,0,0,0,0,0,,1,4,,2,2,1,2,2,2,2,2,2,,3,50,2,1,1,,0,0,,0,0,0,0,0,0,0,0,0,0,,0,0,0,0,0,,20,2,0,,4,1,1,0,,1,2,2,2,2,2,2,0,2,0,1,1,1,1,2,16331,1,3,1,0,2,0,1
12B188,8,40285,2,1,0,1,9,221,2,52,6,3,1,1,2,2,2,1,2,2,0,0,,0,0,0,0,0,0,,0,0,0,0,0,,0,0,,0,0,0,0,0,0,0,0,0,,0,0,0,0,0,,1,1,,2,2,1,2,2,2,0,2,1,2,,0,0,0,0,0,,5,2,0,,3,3,2,0,,1,2,2,2,2,1,2,0,1,2,1,1,1,2,1,30533,3,3,1,0,0,2,1
11B195,8,40305,1,1,0,2,9,221,2,63,6,3,7,1,1,1,2,2,2,2,1,5,,2,2,1,2,2,2,,3,100,2,1,1,,0,0,,0,0,0,0,0,0,0,0,0,,0,0,0,0,0,,0,0,,0,0,0,0,0,0,0,0,0,0,,0,0,0,0,0,,60,2,0,,1,2,2,0,,2,2,2,2,1,1,3,0,1,2,1,3,1,1,1,17465,1,1,1,2,0,0,1
11B195,8,40305,4,1,0,2,9,221,2,24,7,1,1,1,1,1,1,2,2,2,3,4,,2,2,2,1,2,2,,3,100,2,1,1,,1,4,,2,1,2,2,2,2,2,2,2,,2,0,2,1,1,,0,0,,0,0,0,0,0,0,0,0,0,0,,0,0,0,0,0,,30,2,0,,2,4,1,0,,1,2,2,1,2,1,1,2,1,2,1,1,1,1,1,23929,1,2,1,2,2,0,1
11A191,8,40380,1,1,0,1,9,221,2,29,4,3,7,1,2,2,2,2,2,2,0,0,,0,0,0,0,0,0,,0,0,0,0,0,,0,0,,0,0,0,0,0,0,0,0,0,,0,0,0,0,0,,0,0,,0,0,0,0,0,0,0,0,0,0,,0,0,0,0,0,,0,0,0,,0,0,0,3,,2,2,2,2,2,2,2,0,2,0,1,2,2,1,2,13703,4,4,2,0,0,0,2
11A191,8,40380,3,1,0,2,9,221,2,42,3,3,1,1,2,2,2,2,2,2,0,0,,0,0,0,0,0,0,,0,0,0,0,0,,0,0,,0,0,0,0,0,0,0,0,0,,0,0,0,0,0,,0,0,,0,0,0,0,0,0,0,0,0,0,,0,0,0,0,0,,0,0,0,,0,0,0,3,,2,2,2,2,2,2,2,0,2,0,1,1,1,1,2,21158,4,4,2,0,0,0,2
11A191,8,40380,2,1,0,1,9,221,2,45,3,3,1,1,2,2,2,2,2,2,0,0,,0,0,0,0,0,0,,0,0,0,0,0,,0,0,,0,0,0,0,0,0,0,0,0,,0,0,0,0,0,,0,0,,0,0,0,0,0,0,0,0,0,0,,0,0,0,0,0,,0,0,0,,0,0,0,3,,2,2,2,2,2,2,2,0,2,0,1,2,1,1,2,13185,4,4,2,0,0,0,2
11A191,8,40380,4,1,0,1,9,221,2,26,3,3,1,1,2,2,1,1,2,2,0,0,,0,0,0,0,0,0,,0,0,0,0,0,,4,1,,2,1,2,2,2,2,2,2,2,,2,0,2,1,2,,1,2,,1,1,1,1,1,3,12,2,1,1,,0,0,0,0,0,,60,2,0,,2,4,2,0,,2,2,2,2,2,2,2,0,1,2,1,2,1,1,1,13703,3,3,1,0,2,2,1
11B193,9,40024,4,1,0,2,1,221,2,26,4,3,1,1,2,2,2,2,2,2,0,0,,0,0,0,0,0,0,,0,0,0,0,0,,0,0,,0,0,0,0,0,0,0,0,0,,0,0,0,0,0,,0,0,,0,0,0,0,0,0,0,0,0,0,,0,0,0,0,0,,0,0,0,,0,0,0,3,,2,2,2,2,1,2,2,0,1,1,1,1,1,1,1,21776,4,4,2,0,0,0,2
11B193,9,40024,3,1,0,2,1,221,2,39,2,6,7,1,2,2,2,2,2,2,0,0,,0,0,0,0,0,0,,0,0,0,0,0,,0,0,,0,0,0,0,0,0,0,0,0,,0,0,0,0,0,,0,0,,0,0,0,0,0,0,0,0,0,0,,0,0,0,0,0,,0,0,0,,0,0,0,3,,2,2,2,2,2,2,2,0,1,1,1,1,1,1,1,14944,4,4,2,0,0,0,2
11B193,9,40024,1,1,0,1,1,221,1,49,4,3,1,1,2,2,2,2,2,2,0,0,,0,0,0,0,0,0,,0,0,0,0,0,,0,0,,0,0,0,0,0,0,0,0,0,,0,0,0,0,0,,0,0,,0,0,0,0,0,0,0,0,0,0,,0,0,0,0,0,,0,0,0,,0,0,0,3,,2,2,2,2,2,2,2,0,1,1,1,1,1,2,1,34621,4,4,2,0,0,0,2
11B193,9,40027,3,1,0,1,1,221,1,55,8,2,1,1,1,1,1,1,2,1,4,3,,2,1,2,1,1,2,,2,0,2,1,1,,4,4,,1,1,2,2,2,1,1,2,2,,3,175,2,1,1,,7,4,,1,1,1,1,1,3,150,2,1,1,,0,0,0,2,4,,90,2,0,,4,4,2,0,,1,2,2,2,1,1,1,2,1,4,1,1,1,1,1,18332,1,2,1,2,2,2,1
11B193,9,40027,4,1,0,1,1,221,1,32,3,3,1,1,2,2,2,2,2,2,0,0,,0,0,0,0,0,0,,0,0,0,0,0,,0,0,,0,0,0,0,0,0,0,0,0,,0,0,0,0,0,,0,0,,0,0,0,0,0,0,0,0,0,0,,0,0,0,0,0,,0,0,0,,0,0,0,3,,2,2,2,2,2,2,2,0,2,0,1,2,1,2,2,10602,4,4,2,0,0,0,2
11B193,9,40027,1,1,0,1,1,221,1,30,4,3,1,1,1,2,1,1,2,2,0,0,,0,0,0,0,0,0,,0,0,0,0,0,,2,4,,2,2,2,2,2,1,1,2,2,,3,70,2,1,1,,5,3,,1,1,1,1,1,3,100,2,1,1,,0,0,0,0,0,,40,2,0,,4,4,2,0,,1,2,2,2,1,1,1,2,1,2,1,1,1,1,1,21204,1,3,1,0,2,2,1
11B193,9,40027,2,1,0,2,1,221,2,42,7,4,1,1,1,1,1,2,2,1,3,3,,2,1,2,1,1,2,,1,0,1,2,1,,4,3,,2,1,2,2,2,1,1,2,2,,3,150,2,1,1,,0,0,,0,0,0,0,0,0,0,0,0,0,,0,0,0,2,4,,60,2,0,,4,4,2,0,,1,2,2,2,1,1,1,2,1,5,1,1,1,1,1,18356,1,2,1,1,2,0,1
13B196,9,40039,2,1,0,1,1,221,1,40,7,5,1,1,1,1,1,1,2,1,1,3,,2,2,2,1,2,2,,1,0,1,2,1,,2,1,,2,1,2,2,2,2,2,2,2,,2,0,2,1,1,,3,3,,1,1,2,2,2,3,45,2,1,1,,0,0,0,1,1,,30,2,0,,3,3,1,0,,2,2,2,2,1,1,2,0,1,2,1,1,1,1,1,9680,1,2,1,1,2,2,1
13B196,9,40039,3,1,0,1,1,221,1,46,3,3,4,1,2,2,2,2,2,1,0,0,,0,0,0,0,0,0,,0,0,0,0,0,,0,0,,0,0,0,0,0,0,0,0,0,,0,0,0,0,0,,0,0,,0,0,0,0,0,0,0,0,0,0,,0,0,0,2,3,,20,2,0,,2,3,2,0,,2,2,2,2,1,1,2,0,1,1,1,1,1,1,1,20235,3,3,1,0,0,0,2
13B196,9,40039,4,1,0,1,1,221,2,50,3,3,4,1,2,2,2,2,2,1,0,0,,0,0,0,0,0,0,,0,0,0,0,0,,0,0,,0,0,0,0,0,0,0,0,0,,0,0,0,0,0,,0,0,,0,0,0,0,0,0,0,0,0,0,,0,0,0,2,4,,20,2,0,,2,3,2,0,,2,2,2,2,2,2,2,0,2,0,1,1,1,1,3,16329,3,3,1,0,0,0,2
13B196,9,40039,1,1,0,3,1,221,2,19,7,1,6,1,1,1,2,2,2,1,2,2,,2,1,2,2,2,2,,3,600,2,1,1,,0,0,,0,0,0,0,0,0,0,0,0,,0,0,0,0,0,,0,0,,0,0,0,0,0,0,0,0,0,0,,0,0,0,1,2,,60,2,0,,3,3,1,0,,2,2,2,2,2,1,2,0,1,2,1,1,1,1,1,36217,1,2,1,2,0,0,1
11B196,9,40040,3,1,0,2,1,221,2,33,4,3,7,1,2,2,1,2,2,2,0,0,,0,0,0,0,0,0,,0,0,0,0,0,,2,4,,2,2,1,2,2,2,2,1,2,,1,0,1,2,1,,0,0,,0,0,0,0,0,0,0,0,0,0,,0,0,0,0,0,,5,1,5,,3,3,2,0,,2,2,2,2,1,1,1,2,1,1,1,2,1,1,1,11769,3,3,1,0,1,0,1
11B196,9,40040,2,1,0,1,1,221,1,26,3,3,1,1,1,2,2,2,2,2,0,0,,0,0,0,0,0,0,,0,0,0,0,0,,0,0,,0,0,0,0,0,0,0,0,0,,0,0,0,0,0,,0,0,,0,0,0,0,0,0,0,0,0,0,,0,0,0,0,0,,0,0,0,,0,0,0,3,,2,2,2,2,2,2,2,0,2,0,1,1,1,1,1,13994,2,4,2,0,0,0,2
11B196,9,40040,4,1,0,2,1,221,2,38,4,3,7,1,2,2,2,2,2,2,0,0,,0,0,0,0,0,0,,0,0,0,0,0,,0,0,,0,0,0,0,0,0,0,0,0,,0,0,0,0,0,,0,0,,0,0,0,0,0,0,0,0,0,0,,0,0,0,0,0,,0,0,0,,0,0,0,1,,2,2,2,2,2,2,2,0,2,0,1,1,1,1,1,12115,4,4,2,0,0,0,2
12A192,9,40049,2,1,0,2,1,221,2,21,6,3,7,1,2,2,2,2,2,1,0,0,,0,0,0,0,0,0,,0,0,0,0,0,,0,0,,0,0,0,0,0,0,0,0,0,,0,0,0,0,0,,0,0,,0,0,0,0,0,0,0,0,0,0,,0,0,0,1,4,,30,2,0,,3,2,1,0,,2,2,2,2,1,2,2,0,2,0,1,1,1,1,1,32791,3,3,1,0,0,0,2
12A192,9,40049,1,1,0,1,1,221,1,59,3,2,7,1,2,2,2,2,2,2,0,0,,0,0,0,0,0,0,,0,0,0,0,0,,0,0,,0,0,0,0,0,0,0,0,0,,0,0,0,0,0,,0,0,,0,0,0,0,0,0,0,0,0,0,,0,0,0,0,0,,0,0,0,,0,0,0,1,,2,2,2,2,2,2,2,0,2,0,1,1,1,2,2,23692,4,4,2,0,0,0,2
12A192,9,40049,4,1,0,1,1,221,2,48,7,6,1,1,1,1,2,2,2,1,3,1,,2,1,2,2,2,2,,3,700,2,1,1,,0,0,,0,0,0,0,0,0,0,0,0,,0,0,0,0,0,,0,0,,0,0,0,0,0,0,0,0,0,0,,0,0,0,1,1,,40,2,0,,3,3,1,0,,2,2,2,2,1,1,2,0,1,2,1,1,1,1,1,14785,1,2,1,2,0,0,1
12B193,9,40070,4,1,0,2,1,221,2,68,2,3,7,1,2,2,2,2,2,2,0,0,,0,0,0,0,0,0,,0,0,0,0,0,,0,0,,0,0,0,0,0,0,0,0,0,,0,0,0,0,0,,0,0,,0,0,0,0,0,0,0,0,0,0,,0,0,0,0,0,,0,0,0,,0,0,0,5,,2,2,2,2,2,2,2,0,1,1,1,1,1,1,1,36913,4,4,2,0,0,0,2
12B193,9,40070,1,1,0,2,1,221,2,50,7,4,7,1,2,2,2,2,2,2,0,0,,0,0,0,0,0,0,,0,0,0,0,0,,0,0,,0,0,0,0,0,0,0,0,0,,0,0,0,0,0,,0,0,,0,0,0,0,0,0,0,0,0,0,,0,0,0,0,0,,0,0,0,,0,0,0,1,,2,2,2,2,2,2,2,0,1,1,1,1,1,1,1,29021,4,4,2,0,0,0,2
12B193,9,40070,2,1,0,5,1,221,2,38,4,3,4,1,2,1,2,2,2,2,1,3,,2,2,2,2,1,2,,2,0,2,1,1,,0,0,,0,0,0,0,0,0,0,0,0,,0,0,0,0,0,,0,0,,0,0,0,0,0,0,0,0,0,0,,0,0,0,0,0,,30,2,0,,3,3,2,0,,2,2,2,2,2,2,2,0,1,1,1,1,1,1,1,41394,3,1,1,2,0,0,1
12B193,9,40070,3,1,0,2,1,221,2,40,7,5,7,1,2,2,2,2,2,2,0,0,,0,0,0,0,0,0,,0,0,0,0,0,,0,0,,0,0,0,0,0,0,0,0,0,,0,0,0,0,0,,0,0,,0,0,0,0,0,0,0,0,0,0,,0,0,0,0,0,,0,0,0,,0,0,0,1,,2,2,2,2,1,1,2,0,1,2,1,1,1,1,1,20697,4,4,2,0,0,0,2
11B196,9,40080,2,1,0,3,1,221,2,55,3,3,1,1,2,2,2,2,2,2,0,0,,0,0,0,0,0,0,,0,0,0,0,0,,0,0,,0,0,0,0,0,0,0,0,0,,0,0,0,0,0,,0,0,,0,0,0,0,0,0,0,0,0,0,,0,0,0,0,0,,0,0,0,,0,0,0,3,,2,2,2,2,2,2,2,0,1,1,1,1,1,1,1,20067,4,4,2,0,0,0,2
11B196,9,40080,1,1,0,2,1,221,2,67,2,6,7,1,2,2,2,2,2,2,0,0,,0,0,0,0,0,0,,0,0,0,0,0,,0,0,,0,0,0,0,0,0,0,0,0,,0,0,0,0,0,,0,0,,0,0,0,0,0,0,0,0,0,0,,0,0,0,0,0,,0,0,0,,0,0,0,1,,2,2,2,2,2,2,2,0,1,1,1,1,2,1,1,15768,4,4,2,0,0,0,2
11B196,9,40080,4,1,0,2,1,221,2,55,4,3,1,1,1,1,2,1,2,2,1,1,,2,2,2,1,2,2,,3,150,2,1,1,,0,0,,0,0,0,0,0,0,0,0,0,,0,0,0,0,0,,60,3,,1,1,1,1,1,3,50,2,1,1,,0,0,0,0,0,,25,2,0,,2,3,2,0,,2,2,2,2,2,2,2,0,1,3,1,1,1,1,1,33445,1,2,1,2,0,2,1
11B196,9,40080,3,1,0,2,1,221,1,41,3,3,4,1,2,2,2,1,2,2,0,0,,0,0,0,0,0,0,,0,0,0,0,0,,0,0,,0,0,0,0,0,0,0,0,0,,0,0,0,0,0,,2,4,,1,1,1,1,1,2,0,2,1,1,,0,0,0,0,0,,15,2,0,,2,1,2,0,,2,2,2,2,2,2,2,0,1,1,1,1,1,1,1,22047,3,3,1,0,0,2,1
11B196,9,40083,4,1,0,2,1,221,2,35,2,3,1,1,2,2,2,2,2,2,0,0,,0,0,0,0,0,0,,0,0,0,0,0,,0,0,,0,0,0,0,0,0,0,0,0,,0,0,0,0,0,,0,0,,0,0,0,0,0,0,0,0,0,0,,0,0,0,0,0,,0,0,0,,0,0,0,2,,2,2,2,2,2,2,2,0,2,0,1,2,1,2,1,14391,4,4,2,0,0,0,2
11B196,9,40083,2,1,0,3,1,221,2,23,3,3,1,1,1,2,1,2,2,1,0,0,,0,0,0,0,0,0,,0,0,0,0,0,,5,4,,2,2,1,2,2,2,2,1,2,,3,200,2,1,2,,0,0,,0,0,0,0,0,0,0,0,0,0,,0,0,0,2,4,,30,2,0,,4,4,2,0,,1,2,2,2,1,1,1,2,1,2,1,1,1,1,1,29838,1,3,1,0,2,0,1
11B196,9,40083,1,1,0,1,1,221,1,70,3,3,8,1,2,2,2,2,2,2,0,0,,0,0,0,0,0,0,,0,0,0,0,0,,0,0,,0,0,0,0,0,0,0,0,0,,0,0,0,0,0,,0,0,,0,0,0,0,0,0,0,0,0,0,,0,0,0,0,0,,0,0,0,,0,0,0,1,,2,2,2,2,2,2,2,0,2,0,1,2,2,2,2,18384,4,4,2,0,0,0,2
11B196,9,40087,1,1,0,2,1,221,2,72,2,6,7,1,2,2,2,2,2,2,0,0,,0,0,0,0,0,0,,0,0,0,0,0,,0,0,,0,0,0,0,0,0,0,0,0,,0,0,0,0,0,,0,0,,0,0,0,0,0,0,0,0,0,0,,0,0,0,0,0,,0,0,0,,0,0,0,1,,2,2,2,2,2,2,2,0,2,0,1,2,2,2,2,16947,4,4,2,0,0,0,2
11B196,9,40087,3,1,0,1,1,221,2,71,0, ,8,2,0,0,0,0,0,0,0,0,,0,0,0,0,0,0,,0,0,0,0,0,,0,0,,0,0,0,0,0,0,0,0,0,,0,0,0,0,0,,0,0,,0,0,0,0,0,0,0,0,0,0,,0,0,0,0,0,,0,0,0,,0,0,0,0,,0,0,0,0,0,0,0,0,0,0,0,0,0,0,0,16947,0,0,0,0,0,0,0
11B196,9,40087,2,1,0,2,1,221,1,30,7,4,1,1,1,2,1,1,2,1,0,0,,0,0,0,0,0,0,,0,0,0,0,0,,2,4,,2,2,2,2,2,1,1,2,2,,3,100,2,1,1,,4,3,,1,1,1,1,1,3,80,2,1,1,,0,0,0,2,4,,60,2,0,,4,4,2,0,,1,2,2,2,1,1,1,2,1,3,1,1,1,1,1,16464,1,3,1,0,2,2,1
11B196,9,40087,4,1,0,1,1,221,2,54,3,3,1,1,1,2,1,2,2,1,0,0,,0,0,0,0,0,0,,0,0,0,0,0,,3,4,,2,2,2,2,2,2,2,1,2,,2,0,2,1,1,,0,0,,0,0,0,0,0,0,0,0,0,0,,0,0,0,2,4,,30,2,0,,4,4,2,0,,2,2,2,2,1,2,1,2,2,0,1,1,1,1,1,13324,1,3,1,0,2,0,1
12B196,9,40088,2,1,0,3,1,221,1,35,3,3,1,1,2,2,2,1,2,1,0,0,,0,0,0,0,0,0,,0,0,0,0,0,,0,0,,0,0,0,0,0,0,0,0,0,,0,0,0,0,0,,3,4,,1,1,1,2,2,2,0,2,1,2,,0,0,0,2,4,,20,2,0,,2,2,2,0,,2,2,2,2,2,2,2,0,2,0,1,1,1,1,1,24906,3,3,1,0,0,2,1
12B196,9,40088,3,1,0,1,1,221,1,30,7,4,1,1,1,1,1,1,2,1,4,1,,2,1,2,2,2,2,,3,500,2,1,1,,60,1,,2,2,2,2,2,1,2,2,2,,2,0,2,1,1,,3,3,,1,1,1,2,2,3,45,2,1,1,,0,0,0,1,1,,20,2,0,,3,3,1,0,,2,2,2,2,1,1,2,0,1,2,1,1,1,1,1,12978,1,2,1,2,2,2,1
12B196,9,40088,4,1,0,1,1,221,1,26,7,4,1,1,1,1,1,1,2,1,2,4,,2,2,2,1,2,2,,3,700,2,1,1,,3,1,,2,2,2,2,2,1,2,2,2,,2,0,2,1,1,,2,3,,1,1,1,2,2,3,40,2,1,1,,0,0,0,1,1,,60,2,0,,3,3,1,0,,2,2,2,1,2,1,2,0,1,2,1,1,1,1,1,12978,1,2,1,2,2,2,1
12B196,9,40088,1,1,0,2,1,221,1,28,3,2,1,1,2,2,2,1,2,1,0,0,,0,0,0,0,0,0,,0,0,0,0,0,,0,0,,0,0,0,0,0,0,0,0,0,,0,0,0,0,0,,2,3,,1,1,1,2,2,3,30,2,1,2,,0,0,0,1,3,,30,2,0,,2,3,1,0,,2,2,2,2,2,2,2,0,2,0,1,1,1,1,1,19467,3,3,1,0,0,2,1
12B196,9,40135,2,1,0,2,1,221,1,25,7,5,1,1,1,1,1,2,2,2,50,4,,2,2,2,2,1,2,,3,5000,2,1,1,,2,4,,2,1,2,2,2,2,1,2,2,,2,0,2,1,1,,0,0,,0,0,0,0,0,0,0,0,0,0,,0,0,0,0,0,,50,2,0,,3,4,1,0,,2,2,2,2,1,1,1,1,1,4,1,1,1,1,1,18497,1,2,1,2,2,0,1
12B196,9,40135,3,1,0,1,1,221,1,67,9,2,1,1,1,1,2,1,2,2,8,4,,2,2,2,1,1,2,,3,2000,1,1,1,,0,0,,0,0,0,0,0,0,0,0,0,,0,0,0,0,0,,7,3,,1,1,1,1,1,1,0,1,2,1,,0,0,0,0,0,,40,2,0,,4,4,2,0,,2,2,2,2,1,1,1,1,1,4,1,1,1,1,1,10227,1,2,1,3,0,1,1
12B196,9,40135,4,1,0,1,1,221,2,43,8,2,1,1,1,1,2,1,2,2,7,4,,2,2,1,1,1,2,,1,0,1,2,1,,0,0,,0,0,0,0,0,0,0,0,0,,0,0,0,0,0,,7,3,,1,1,1,1,1,1,0,1,2,1,,0,0,0,0,0,,60,1,5,,4,4,2,0,,2,2,2,2,1,1,1,2,1,5,1,1,1,1,1,8006,1,2,1,1,0,1,1
12B196,9,40135,1,1,0,1,1,221,1,61,7,5,1,1,1,1,2,1,2,2,4,4,,2,2,2,2,1,2,,3,2000,2,1,1,,0,0,,0,0,0,0,0,0,0,0,0,,0,0,0,0,0,,7,3,,2,2,2,1,2,1,0,1,2,1,,0,0,0,0,0,,50,2,0,,4,4,2,0,,2,2,2,2,2,2,2,0,2,0,1,1,1,1,1,31982,1,2,1,2,0,1,1
12B196,9,40138,2,1,0,3,1,221,2,29,3,3,7,1,2,2,2,2,2,2,0,0,,0,0,0,0,0,0,,0,0,0,0,0,,0,0,,0,0,0,0,0,0,0,0,0,,0,0,0,0,0,,0,0,,0,0,0,0,0,0,0,0,0,0,,0,0,0,0,0,,0,0,0,,0,0,0,3,,2,2,2,2,2,2,2,0,1,1,1,1,1,1,1,30269,4,4,2,0,0,0,2
12B196,9,40138,3,1,0,2,1,221,2,43,7,4,1,1,1,1,1,1,2,2,1,3,,2,2,2,1,2,2,,2,0,2,1,1,,4,3,,2,2,1,1,2,2,2,2,2,,2,0,2,1,2,,3,3,,1,1,1,1,1,2,0,2,1,2,,0,0,0,0,0,,35,2,0,,3,3,2,0,,2,2,2,2,1,1,2,0,1,1,1,1,1,1,1,15578,1,2,1,2,2,2,1
12B196,9,40138,4,1,0,1,1,221,1,53,3,3,1,1,2,2,2,1,2,2,0,0,,0,0,0,0,0,0,,0,0,0,0,0,,0,0,,0,0,0,0,0,0,0,0,0,,0,0,0,0,0,,6,4,,1,1,1,1,1,3,50,2,1,2,,0,0,0,0,0,,25,2,0,,2,3,2,0,,2,2,2,2,2,2,2,0,1,1,1,1,1,1,1,9024,3,3,1,0,0,2,1
12B196,9,40138,1,1,0,2,1,221,2,75,2,3,7,1,2,2,2,2,2,2,0,0,,0,0,0,0,0,0,,0,0,0,0,0,,0,0,,0,0,0,0,0,0,0,0,0,,0,0,0,0,0,,0,0,,0,0,0,0,0,0,0,0,0,0,,0,0,0,0,0,,0,0,0,,0,0,0,1,,2,2,2,2,2,2,2,0,1,1,1,1,2,1,1,18523,4,4,2,0,0,0,2
13A192,9,40147,1,1,0,2,1,221,2,31,7,3,4,1,1,1,1,1,1,1,3,3,,2,2,2,1,2,2,,1,0,1,2,1,,3,3,,2,2,2,2,2,1,1,2,2,,1,0,1,2,1,,2,3,,1,2,1,2,2,1,0,1,2,1,,3,2,1,1,3,,60,2,0,,3,3,1,0,,2,2,2,2,1,1,2,0,1,1,1,1,1,1,1,37660,1,2,1,1,1,1,1
13A192,9,40147,2,1,0,2,1,221,2,69,3,3,7,1,1,1,1,2,2,2,1,5,,2,2,1,2,2,2,,2,0,2,1,2,,1,2,,2,2,2,2,1,2,2,2,2,,2,0,2,1,2,,0,0,,0,0,0,0,0,0,0,0,0,0,,0,0,0,0,0,,60,2,0,,2,2,2,0,,2,2,2,2,1,1,2,0,2,0,1,2,1,2,2,46092,1,2,1,2,2,0,1
13A192,9,40147,3,1,0,2,1,221,2,34,4,3,1,1,1,1,2,2,2,1,3,3,,2,2,1,2,1,2,,3,200,2,1,1,,0,0,,0,0,0,0,0,0,0,0,0,,0,0,0,0,0,,0,0,,0,0,0,0,0,0,0,0,0,0,,0,0,0,1,3,,120,2,0,,3,3,1,0,,2,2,2,2,1,1,1,1,1,1,1,1,1,1,1,56490,1,2,1,2,0,0,1
13A192,9,40147,4,1,0,2,1,221,2,58,2,6,7,1,2,2,2,2,2,2,0,0,,0,0,0,0,0,0,,0,0,0,0,0,,0,0,,0,0,0,0,0,0,0,0,0,,0,0,0,0,0,,0,0,,0,0,0,0,0,0,0,0,0,0,,0,0,0,0,0,,0,0,0,,0,0,0,3,,2,2,2,2,2,2,2,0,1,1,1,1,1,1,1,97768,4,4,2,0,0,0,2
12B193,9,40177,1,1,0,1,1,221,2,55,8,2,8,1,1,1,2,2,2,1,1,3,,2,2,2,1,2,2,,2,0,2,1,1,,0,0,,0,0,0,0,0,0,0,0,0,,0,0,0,0,0,,0,0,,0,0,0,0,0,0,0,0,0,0,,0,0,0,2,3,,30,2,0,,2,3,1,0,,2,2,2,2,2,1,2,0,1,1,1,1,1,1,1,27270,1,2,1,2,0,0,1
12B193,9,40177,2,1,0,3,1,221,1,20,4,2,6,1,1,1,2,2,2,1,2,2,,2,1,2,2,2,2,,3,400,2,1,1,,0,0,,0,0,0,0,0,0,0,0,0,,0,0,0,0,0,,0,0,,0,0,0,0,0,0,0,0,0,0,,0,0,0,1,2,,30,2,0,,3,2,1,0,,2,2,2,2,2,2,2,0,2,0,1,1,1,1,1,32305,1,2,1,2,0,0,1
12B193,9,40177,3,1,0,4,1,221,2,28,4,4,4,1,2,2,1,2,2,1,0,0,,0,0,0,0,0,0,,0,0,0,0,0,,3,4,,2,2,2,1,2,1,2,2,2,,3,90,2,1,1,,0,0,,0,0,0,0,0,0,0,0,0,0,,0,0,0,1,3,,30,2,0,,3,3,1,0,,2,2,2,2,2,1,2,0,1,1,1,1,1,1,1,35015,3,3,1,0,2,0,1
12B193,9,40177,4,1,0,2,1,221,1,33,7,1,1,1,2,2,2,2,2,1,0,0,,0,0,0,0,0,0,,0,0,0,0,0,,0,0,,0,0,0,0,0,0,0,0,0,,0,0,0,0,0,,0,0,,0,0,0,0,0,0,0,0,0,0,,0,0,0,1,4,,20,1,6,,2,2,1,0,,2,2,2,2,2,1,2,0,2,0,1,1,1,1,1,20817,3,3,1,0,0,0,2
11B187,9,40185,1,1,0,1,1,221,1,65,2,6,7,1,1,2,2,1,2,2,0,0,,0,0,0,0,0,0,,0,0,0,0,0,,0,0,,0,0,0,0,0,0,0,0,0,,0,0,0,0,0,,3,4,,1,1,1,1,1,2,0,2,1,1,,0,0,0,0,0,,20,2,0,,2,3,2,0,,2,2,2,2,2,2,2,0,2,0,1,2,2,2,1,45181,1,3,1,0,0,2,1
11B187,9,40185,2,1,0,1,1,221,1,51,3,3,1,1,1,2,1,1,2,2,0,0,,0,0,0,0,0,0,,0,0,0,0,0,,4,1,,2,2,1,2,2,1,1,2,2,,3,150,2,1,1,,4,4,,1,1,1,1,1,3,60,2,1,1,,0,0,0,0,0,,30,2,0,,2,3,2,0,,1,2,2,2,2,1,1,2,1,1,1,2,1,2,1,40972,1,3,1,0,2,2,1
11B187,9,40185,4,1,0,1,1,221,1,44,4,3,1,1,1,2,2,1,2,1,0,0,,0,0,0,0,0,0,,0,0,0,0,0,,0,0,,0,0,0,0,0,0,0,0,0,,0,0,0,0,0,,4,4,,1,1,1,1,1,3,75,2,1,1,,0,0,0,2,4,,30,2,0,,4,4,2,0,,2,2,2,2,1,1,1,2,1,1,1,1,1,1,1,9800,1,3,1,0,0,2,1
11B187,9,40185,3,1,0,1,1,221,1,32,4,3,1,1,1,2,1,1,2,1,0,0,,0,0,0,0,0,0,,0,0,0,0,0,,4,3,,1,2,2,2,2,1,1,2,2,,3,170,2,1,1,,6,3,,1,1,1,1,1,3,120,2,1,1,,0,0,0,2,4,,40,2,0,,3,4,2,0,,1,2,2,2,1,1,1,2,1,2,1,1,1,1,1,20429,1,3,1,0,2,2,1
12B196,9,40187,4,1,0,1,1,221,1,70,3,3,3,1,1,2,2,1,2,2,0,0,,0,0,0,0,0,0,,0,0,0,0,0,,0,0,,0,0,0,0,0,0,0,0,0,,0,0,0,0,0,,5,3,,1,1,1,1,1,2,0,2,1,1,,0,0,0,0,0,,30,2,0,,3,3,2,0,,2,2,2,2,2,2,2,0,2,0,2,0,0,0,0,10302,1,3,1,0,0,2,1
12B196,9,40187,3,1,0,1,1,221,2,71,2,6,7,1,2,2,2,2,2,2,0,0,,0,0,0,0,0,0,,0,0,0,0,0,,0,0,,0,0,0,0,0,0,0,0,0,,0,0,0,0,0,,0,0,,0,0,0,0,0,0,0,0,0,0,,0,0,0,0,0,,0,0,0,,0,0,0,1,,2,2,2,2,2,2,2,0,2,0,1,2,2,2,2,28766,4,4,2,0,0,0,2
12B196,9,40187,1,1,0,2,1,221,1,36,3,3,4,1,2,2,2,1,2,2,0,0,,0,0,0,0,0,0,,0,0,0,0,0,,0,0,,0,0,0,0,0,0,0,0,0,,0,0,0,0,0,,6,3,,1,1,1,1,1,2,0,2,1,1,,0,0,0,0,0,,30,2,0,,2,3,2,0,,2,2,2,2,2,2,2,0,2,0,1,1,1,1,1,17877,3,3,1,0,0,2,1
11A192,9,40189,3,1,0,1,1,221,1,70,7,3,1,1,1,1,2,2,2,2,1,5,,2,2,1,2,2,2,,2,0,2,1,1,,0,0,,0,0,0,0,0,0,0,0,0,,0,0,0,0,0,,0,0,,0,0,0,0,0,0,0,0,0,0,,0,0,0,0,0,,60,2,0,,2,3,2,0,,2,2,2,2,1,1,2,0,1,2,1,1,1,1,1,8035,1,1,1,2,0,0,1
11A192,9,40189,4,1,0,1,1,221,2,87,7,3,8,1,2,2,2,2,2,2,0,0,,0,0,0,0,0,0,,0,0,0,0,0,,0,0,,0,0,0,0,0,0,0,0,0,,0,0,0,0,0,,0,0,,0,0,0,0,0,0,0,0,0,0,,0,0,0,0,0,,0,0,0,,0,0,0,5,,2,2,2,2,2,2,2,0,3,0,2,0,0,0,0,7479,4,4,2,0,0,0,2
11A192,9,40189,1,1,0,3,1,221,1,46,3,3,1,1,2,2,2,1,2,2,0,0,,0,0,0,0,0,0,,0,0,0,0,0,,0,0,,0,0,0,0,0,0,0,0,0,,0,0,0,0,0,,4,3,,1,1,1,1,1,2,0,2,1,4,,0,0,0,0,0,,20,2,0,,3,3,2,0,,2,2,2,2,2,2,2,0,1,1,1,2,2,2,2,29146,3,3,1,0,0,2,1
11A192,9,40189,2,1,1,2,1,221,2,68,2,6,7,1,2,2,2,2,2,2,0,0,,0,0,0,0,0,0,,0,0,0,0,0,,0,0,,0,0,0,0,0,0,0,0,0,,0,0,0,0,0,,0,0,,0,0,0,0,0,0,0,0,0,0,,0,0,0,0,0,,0,0,0,,0,0,0,2,,2,2,2,2,2,2,2,0,1,1,1,1,1,2,1,14957,4,4,2,0,0,0,2
12A192,9,40193,2,1,0,3,1,221,1,31,7,4,1,1,1,1,1,1,2,1,1,3,,2,2,2,1,2,2,,2,0,2,1,1,,2,3,,2,2,2,2,2,1,2,2,2,,3,60,2,1,1,,1,3,,1,2,1,2,2,1,0,1,2,1,,0,0,0,2,3,,30,2,0,,2,4,1,0,,2,1,2,1,2,1,2,0,1,4,1,1,1,1,2,25741,1,2,1,2,2,1,1
12A192,9,40193,1,1,0,2,1,221,2,20,4,3,6,1,1,1,1,2,2,2,5,2,,2,1,2,1,1,2,,2,0,2,1,1,,3,2,,2,1,2,2,2,1,2,2,2,,3,90,2,1,1,,0,0,,0,0,0,0,0,0,0,0,0,0,,0,0,0,0,0,,120,2,0,,4,4,1,0,,2,1,2,2,1,1,2,0,1,2,1,1,1,1,1,20534,1,2,1,2,2,0,1
12A192,9,40193,3,1,0,2,1,221,2,63,99, ,1,1,2,2,2,2,2,2,0,0,,0,0,0,0,0,0,,0,0,0,0,0,,0,0,,0,0,0,0,0,0,0,0,0,,0,0,0,0,0,,0,0,,0,0,0,0,0,0,0,0,0,0,,0,0,0,0,0,,0,0,0,,0,0,0,1,,2,2,2,2,2,1,2,0,1,1,1,2,1,1,1,14987,4,4,2,0,0,0,2
11B196,9,40227,4,1,0,1,1,221,1,80,2,6,8,1,2,2,2,2,2,2,0,0,,0,0,0,0,0,0,,0,0,0,0,0,,0,0,,0,0,0,0,0,0,0,0,0,,0,0,0,0,0,,0,0,,0,0,0,0,0,0,0,0,0,0,,0,0,0,0,0,,0,0,0,,0,0,0,5,,2,2,2,2,2,2,2,0,2,0,1,2,2,2,2,22280,4,4,2,0,0,0,2
11B196,9,40227,3,1,0,8,1,221,1,34,3,3,10,1,1,2,2,1,2,2,0,0,,0,0,0,0,0,0,,0,0,0,0,0,,0,0,,0,0,0,0,0,0,0,0,0,,0,0,0,0,0,,5,1,,2,1,1,1,1,3,50,2,1,1,,0,0,0,0,0,,25,2,0,,3,3,2,0,,2,2,2,2,2,2,2,0,2,0,1,2,1,2,1,33580,1,3,1,0,0,2,1
11B196,9,40227,1,1,0,2,1,221,1,52,4,3,1,1,1,2,2,1,2,2,0,0,,0,0,0,0,0,0,,0,0,0,0,0,,0,0,,0,0,0,0,0,0,0,0,0,,0,0,0,0,0,,7,4,,1,1,1,1,1,3,110,2,1,1,,0,0,0,0,0,,20,2,0,,4,4,2,0,,2,2,2,2,1,1,2,0,1,3,1,1,1,1,1,33674,1,3,1,0,0,2,1
11B196,9,40227,2,1,0,5,1,221,1,18,4,3,6,1,1,1,1,2,2,1,4,2,,1,1,2,1,1,2,,3,600,2,1,1,,4,4,,1,2,2,2,2,1,1,2,2,,2,0,2,1,1,,0,0,,0,0,0,0,0,0,0,0,0,0,,0,0,0,2,4,,120,2,0,,4,4,1,0,,1,2,2,1,1,1,2,0,1,1,1,1,1,1,1,34741,1,2,1,2,2,0,1
12B187,9,40228,2,1,0,1,1,221,2,51,3,3,7,1,2,2,2,2,2,2,0,0,,0,0,0,0,0,0,,0,0,0,0,0,,0,0,,0,0,0,0,0,0,0,0,0,,0,0,0,0,0,,0,0,,0,0,0,0,0,0,0,0,0,0,,0,0,0,0,0,,0,0,0,,0,0,0,3,,2,2,2,2,2,2,2,0,2,0,1,1,1,1,1,8933,4,4,2,0,0,0,2
12B187,9,40228,1,1,0,1,1,221,1,78,2,6,8,1,1,2,2,1,2,2,0,0,,0,0,0,0,0,0,,0,0,0,0,0,,0,0,,0,0,0,0,0,0,0,0,0,,0,0,0,0,0,,7,3,,1,1,2,1,1,3,30,2,1,1,,0,0,0,0,0,,20,2,0,,3,3,2,0,,2,2,2,2,2,2,2,0,2,0,1,2,2,2,2,12208,1,3,1,0,0,2,1
12B187,9,40228,4,1,0,1,1,221,1,51,3,3,1,1,1,2,2,1,2,2,0,0,,0,0,0,0,0,0,,0,0,0,0,0,,0,0,,0,0,0,0,0,0,0,0,0,,0,0,0,0,0,,4,3,,1,1,2,1,1,3,40,2,1,2,,0,0,0,0,0,,10,2,0,,3,3,2,0,,2,2,2,2,2,2,2,0,2,0,1,1,1,1,1,44280,1,3,1,0,0,2,1
12B187,9,40228,3,1,0,2,1,221,1,48,2,6,1,1,2,2,2,2,2,2,0,0,,0,0,0,0,0,0,,0,0,0,0,0,,0,0,,0,0,0,0,0,0,0,0,0,,0,0,0,0,0,,0,0,,0,0,0,0,0,0,0,0,0,0,,0,0,0,0,0,,0,0,0,,0,0,0,1,,2,2,2,2,2,2,2,0,2,0,1,1,1,1,1,11070,4,4,2,0,0,0,2
12B187,9,40229,1,1,0,1,1,221,2,53,3,3,1,1,2,2,1,2,2,1,0,0,,0,0,0,0,0,0,,0,0,0,0,0,,1,4,,2,2,1,2,2,2,2,2,2,,2,0,2,1,1,,0,0,,0,0,0,0,0,0,0,0,0,0,,0,0,0,2,4,,20,2,0,,2,3,2,0,,2,2,2,2,2,2,2,0,1,1,1,1,1,1,1,5534,3,3,1,0,2,0,1
12B187,9,40229,2,1,0,1,1,221,2,59,4,3,1,1,2,2,2,2,2,2,0,0,,0,0,0,0,0,0,,0,0,0,0,0,,0,0,,0,0,0,0,0,0,0,0,0,,0,0,0,0,0,,0,0,,0,0,0,0,0,0,0,0,0,0,,0,0,0,0,0,,0,0,0,,0,0,0,3,,2,2,2,2,2,1,2,0,1,1,1,2,1,1,2,11945,4,4,2,0,0,0,2
12B187,9,40229,3,1,0,2,1,221,2,68,2,3,7,1,2,2,2,2,2,2,0,0,,0,0,0,0,0,0,,0,0,0,0,0,,0,0,,0,0,0,0,0,0,0,0,0,,0,0,0,0,0,,0,0,,0,0,0,0,0,0,0,0,0,0,,0,0,0,0,0,,0,0,0,,0,0,0,1,,2,2,2,2,2,2,2,0,2,0,1,2,1,2,1,14079,4,4,2,0,0,0,2
12B187,9,40229,4,1,0,1,1,221,1,37,3,3,1,1,2,2,2,2,2,2,0,0,,0,0,0,0,0,0,,0,0,0,0,0,,0,0,,0,0,0,0,0,0,0,0,0,,0,0,0,0,0,,0,0,,0,0,0,0,0,0,0,0,0,0,,0,0,0,0,0,,0,0,0,,0,0,0,1,,2,2,2,2,2,1,2,0,1,1,1,1,3,1,1,13124,4,4,2,0,0,0,2
11B187,9,40230,4,1,0,3,1,221,1,34,3,3,1,1,1,2,2,1,2,1,0,0,,0,0,0,0,0,0,,0,0,0,0,0,,0,0,,0,0,0,0,0,0,0,0,0,,0,0,0,0,0,,7,4,,1,1,1,1,1,3,70,2,1,4,,0,0,0,2,3,,40,2,0,,2,3,1,0,,2,2,2,2,1,2,2,0,1,1,1,1,1,2,1,20991,1,3,1,0,0,2,1
11B187,9,40230,3,1,0,1,1,221,1,28,4,3,1,1,1,2,2,1,2,1,0,0,,0,0,0,0,0,0,,0,0,0,0,0,,0,0,,0,0,0,0,0,0,0,0,0,,0,0,0,0,0,,5,3,,1,1,1,1,1,3,50,2,1,2,,0,0,0,2,4,,30,2,0,,2,3,2,0,,2,1,2,2,2,2,1,2,1,1,1,1,1,1,1,6996,1,3,1,0,0,2,1
11B187,9,40230,2,1,0,1,1,221,2,26,3,3,1,1,2,2,2,2,2,1,0,0,,0,0,0,0,0,0,,0,0,0,0,0,,0,0,,0,0,0,0,0,0,0,0,0,,0,0,0,0,0,,0,0,,0,0,0,0,0,0,0,0,0,0,,0,0,0,1,4,,25,2,0,,2,3,2,0,,2,2,2,2,1,2,1,2,1,1,1,1,1,1,1,5884,3,3,1,0,0,0,2
11B187,9,40230,1,1,0,1,1,221,1,67,0, ,1,1,2,2,2,1,2,2,0,0,,0,0,0,0,0,0,,0,0,0,0,0,,0,0,,0,0,0,0,0,0,0,0,0,,0,0,0,0,0,,2,4,,1,1,2,2,1,2,0,2,1,2,,0,0,0,0,0,,15,1,3,,2,3,2,0,,2,2,2,2,2,2,2,0,3,0,1,2,1,2,1,15475,3,3,1,0,0,2,1
11B187,9,40231,3,1,0,1,1,221,1,71,2,4,4,1,1,1,2,1,2,2,3,4,,2,2,1,1,1,2,,2,0,2,1,1,,0,0,,0,0,0,0,0,0,0,0,0,,0,0,0,0,0,,3,4,,1,1,1,1,1,2,0,2,1,1,,0,0,0,0,0,,30,2,0,,2,3,2,0,,2,2,2,2,2,2,2,0,2,0,1,2,2,2,2,8027,1,2,1,2,0,2,1
11B187,9,40231,2,1,0,2,1,221,2,71,3,3,1,1,1,2,1,1,2,2,0,0,,0,0,0,0,0,0,,0,0,0,0,0,,2,4,,2,2,1,2,2,2,2,1,2,,3,20,2,1,1,,3,3,,1,2,1,1,1,2,0,2,1,1,,0,0,0,0,0,,30,2,0,,2,3,2,0,,2,2,2,2,2,2,2,0,2,0,1,1,1,1,1,14942,1,3,1,0,2,2,1
11B187,9,40231,1,1,0,1,1,221,1,74,3,2,7,1,2,2,2,1,2,2,0,0,,0,0,0,0,0,0,,0,0,0,0,0,,0,0,,0,0,0,0,0,0,0,0,0,,0,0,0,0,0,,2,3,,1,1,2,2,1,2,0,2,1,1,,0,0,0,0,0,,20,2,0,,2,3,2,0,,2,2,2,2,2,2,2,0,2,0,1,3,3,3,3,16053,3,3,1,0,0,2,1
11B187,9,40231,4,1,0,1,1,221,2,31,0, ,1,1,2,2,2,2,2,2,0,0,,0,0,0,0,0,0,,0,0,0,0,0,,0,0,,0,0,0,0,0,0,0,0,0,,0,0,0,0,0,,0,0,,0,0,0,0,0,0,0,0,0,0,,0,0,0,0,0,,0,0,0,,0,0,0,1,,2,2,2,2,2,2,2,0,2,0,1,1,1,1,1,6105,4,4,2,0,0,0,2
12B187,9,40232,2,1,0,2,1,221,2,52,7,5,1,1,1,1,1,2,2,1,4,1,,2,1,2,1,1,2,,1,0,1,2,1,,5,3,,2,1,1,1,2,1,1,2,2,,3,300,2,1,1,,0,0,,0,0,0,0,0,0,0,0,0,0,,0,0,0,3,4,,90,2,0,,4,4,2,0,,1,2,2,2,1,1,1,2,1,4,1,1,1,1,1,38782,1,2,1,1,2,0,1
12B187,9,40232,3,1,0,1,1,221,1,39,7,4,1,1,1,1,1,1,2,1,2,3,,2,2,2,1,2,2,,3,600,2,1,1,,4,4,,1,2,2,2,2,1,1,2,2,,3,150,2,1,1,,7,3,,1,1,1,1,1,3,150,2,1,1,,0,0,0,3,4,,90,2,0,,4,4,2,0,,1,2,2,2,1,1,1,2,1,5,1,1,1,1,1,22991,1,2,1,2,2,2,1
12B187,9,40232,4,1,0,2,1,221,1,22,7,1,6,1,1,1,1,2,2,1,5,2,,1,1,2,2,1,2,,1,0,1,2,1,,6,3,,2,1,2,2,2,1,1,2,2,,3,150,2,1,1,,0,0,,0,0,0,0,0,0,0,0,0,0,,0,0,0,2,4,,90,2,0,,4,4,1,0,,1,2,2,2,1,1,1,2,1,5,1,1,1,1,1,37185,1,2,1,1,2,0,1
12B187,9,40232,1,1,0,1,1,221,1,29,9,3,1,1,1,1,1,1,2,1,6,1,,2,1,2,2,1,2,,1,0,1,2,1,,5,3,,2,1,2,1,2,1,1,2,2,,3,200,2,1,1,,5,3,,1,1,1,1,2,3,100,2,1,1,,0,0,0,2,4,,120,1,5,,4,4,2,0,,1,2,2,1,1,1,1,2,1,5,1,1,1,1,1,35942,1,2,1,1,2,2,1
12B187,9,40233,1,1,1,1,1,221,1,36,7,4,1,1,1,1,2,1,2,2,5,4,,2,2,2,1,1,2,,1,0,1,2,1,,0,0,,0,0,0,0,0,0,0,0,0,,0,0,0,0,0,,7,3,,1,1,2,1,1,1,0,1,2,1,,0,0,0,0,0,,30,2,0,,4,3,2,0,,2,2,2,2,1,1,1,1,1,4,1,1,1,1,1,26052,1,2,1,1,0,1,1
12B187,9,40233,3,1,0,1,1,221,2,46,9,1,1,1,1,1,2,1,2,2,5,4,,2,2,2,1,1,2,,1,0,1,1,1,,0,0,,0,0,0,0,0,0,0,0,0,,0,0,0,0,0,,3,3,,1,2,2,1,1,1,0,1,2,1,,0,0,0,0,0,,60,2,0,,4,3,2,0,,2,2,2,2,2,2,2,0,2,0,1,1,1,1,1,10986,1,2,1,3,0,1,1
12B187,9,40233,2,1,0,1,1,221,2,38,7,5,1,1,1,1,2,1,2,2,4,4,,2,2,2,1,1,2,,1,0,1,2,1,,0,0,,0,0,0,0,0,0,0,0,0,,0,0,0,0,0,,6,3,,1,2,2,1,1,1,0,1,2,1,,0,0,0,0,0,,40,1,5,,4,3,2,0,,2,2,2,2,1,1,1,2,1,5,1,1,1,1,1,11752,1,2,1,1,0,1,1
11B187,9,40234,1,1,0,1,1,221,1,62,2,6,1,1,2,2,2,2,2,1,0,0,,0,0,0,0,0,0,,0,0,0,0,0,,0,0,,0,0,0,0,0,0,0,0,0,,0,0,0,0,0,,0,0,,0,0,0,0,0,0,0,0,0,0,,0,0,0,2,3,,30,2,0,,2,2,2,0,,2,2,2,2,2,2,2,0,2,0,1,1,2,1,2,6850,3,3,1,0,0,0,2
11B187,9,40234,2,1,0,1,1,221,2,42,4,3,1,1,2,2,2,2,2,1,0,0,,0,0,0,0,0,0,,0,0,0,0,0,,0,0,,0,0,0,0,0,0,0,0,0,,0,0,0,0,0,,0,0,,0,0,0,0,0,0,0,0,0,0,,0,0,0,1,6,POR ESCUELA DE SUS HIJOS,30,1,7,HCER LIMPIEZA,2,2,1,0,,2,2,2,2,2,1,2,0,2,0,1,1,1,1,1,6859,3,3,1,0,0,0,2
11B187,9,40234,3,1,0,1,1,221,1,48,2,1,1,1,2,2,2,2,2,2,0,0,,0,0,0,0,0,0,,0,0,0,0,0,,0,0,,0,0,0,0,0,0,0,0,0,,0,0,0,0,0,,0,0,,0,0,0,0,0,0,0,0,0,0,,0,0,0,0,0,,0,0,0,,0,0,0,3,,2,2,2,2,2,2,2,0,2,0,1,1,1,1,1,31781,4,4,2,0,0,0,2
11B187,9,40234,4,1,0,1,1,221,2,40,3,3,1,1,2,2,2,2,2,1,0,0,,0,0,0,0,0,0,,0,0,0,0,0,,0,0,,0,0,0,0,0,0,0,0,0,,0,0,0,0,0,,0,0,,0,0,0,0,0,0,0,0,0,0,,0,0,0,2,4,,20,1,6,,2,2,1,0,,2,2,2,2,2,2,2,0,2,0,1,1,1,1,1,27436,3,3,1,0,0,0,2
12B187,9,40235,4,1,0,1,1,221,2,67,3,3,7,1,2,2,1,2,2,2,0,0,,0,0,0,0,0,0,,0,0,0,0,0,,2,5,,2,2,2,2,1,2,2,2,2,,2,0,2,1,1,,0,0,,0,0,0,0,0,0,0,0,0,0,,0,0,0,0,0,,20,2,0,,1,2,2,0,,2,2,2,2,2,2,2,0,2,0,1,2,2,1,2,11546,3,3,1,0,2,0,1
12B187,9,40235,3,1,0,2,1,221,2,41,3,3,1,1,2,2,2,2,2,1,0,0,,0,0,0,0,0,0,,0,0,0,0,0,,0,0,,0,0,0,0,0,0,0,0,0,,0,0,0,0,0,,0,0,,0,0,0,0,0,0,0,0,0,0,,0,0,0,1,4,,15,1,6,,2,2,1,0,,2,2,2,2,1,2,2,0,2,0,1,1,1,1,1,19421,3,3,1,0,0,0,2
12B187,9,40235,1,1,0,2,1,221,2,56,7,4,1,1,2,2,1,2,2,1,0,0,,0,0,0,0,0,0,,0,0,0,0,0,,2,3,,2,2,2,2,2,1,2,2,2,,2,0,2,1,1,,0,0,,0,0,0,0,0,0,0,0,0,0,,0,0,0,2,1,,30,1,6,,2,3,1,0,,2,2,2,2,2,1,2,0,2,0,1,1,1,1,1,29387,3,3,1,0,2,0,1
12B187,9,40235,2,1,0,1,1,221,2,58,2,6,8,1,2,1,2,2,2,1,1,5,,2,2,1,2,2,2,,2,0,2,1,1,,0,0,,0,0,0,0,0,0,0,0,0,,0,0,0,0,0,,0,0,,0,0,0,0,0,0,0,0,0,0,,0,0,0,2,4,,60,2,0,,2,2,2,0,,2,2,2,2,2,2,2,0,2,0,1,1,1,1,1,9796,3,2,1,2,0,0,1
13B187,9,40236,1,1,0,2,1,221,2,23,7,3,7,1,1,1,1,2,2,1,2,3,,2,2,2,1,2,2,,3,600,2,1,1,,2,4,,2,2,2,2,2,2,2,1,2,,2,0,2,1,1,,0,0,,0,0,0,0,0,0,0,0,0,0,,0,0,0,1,3,,30,2,0,,3,3,1,0,,2,2,2,2,1,1,2,0,1,1,1,1,1,1,1,31025,1,2,1,2,2,0,1
13B187,9,40236,3,1,0,1,1,221,2,49,3,3,1,1,2,2,2,2,2,1,0,0,,0,0,0,0,0,0,,0,0,0,0,0,,0,0,,0,0,0,0,0,0,0,0,0,,0,0,0,0,0,,0,0,,0,0,0,0,0,0,0,0,0,0,,0,0,0,2,3,,20,2,0,,2,3,2,0,,2,2,2,2,1,1,2,0,1,1,1,1,1,1,1,20983,3,3,1,0,0,0,2
13B187,9,40236,2,1,0,2,1,221,2,30,7,5,1,1,2,1,2,2,2,1,2,2,,2,1,2,2,2,2,,2,0,2,1,1,,0,0,,0,0,0,0,0,0,0,0,0,,0,0,0,0,0,,0,0,,0,0,0,0,0,0,0,0,0,0,,0,0,0,1,2,,30,2,0,,2,3,1,0,,2,2,2,2,1,1,2,0,1,1,1,1,1,1,1,32708,3,2,1,2,0,0,1
12A192,9,40241,1,1,1,1,1,221,2,70,3,3,7,1,1,1,2,2,2,2,1,5,,2,2,1,2,2,2,,2,0,2,1,1,,0,0,,0,0,0,0,0,0,0,0,0,,0,0,0,0,0,,0,0,,0,0,0,0,0,0,0,0,0,0,,0,0,0,0,0,,35,2,0,,2,3,2,0,,2,2,2,2,2,1,2,0,1,1,1,1,1,1,1,7451,1,1,1,2,0,0,1
12A192,9,40241,3,1,0,2,1,221,2,89,6,3,8,1,2,2,2,2,2,2,0,0,,0,0,0,0,0,0,,0,0,0,0,0,,0,0,,0,0,0,0,0,0,0,0,0,,0,0,0,0,0,,0,0,,0,0,0,0,0,0,0,0,0,0,,0,0,0,0,0,,0,0,0,,0,0,0,5,,2,2,2,2,2,2,2,0,1,3,1,1,1,1,1,14901,4,4,2,0,0,0,2
12A192,9,40241,2,1,0,2,1,221,2,37,3,3,1,1,1,2,2,2,2,2,0,0,,0,0,0,0,0,0,,0,0,0,0,0,,0,0,,0,0,0,0,0,0,0,0,0,,0,0,0,0,0,,0,0,,0,0,0,0,0,0,0,0,0,0,,0,0,0,0,0,,0,0,0,,0,0,0,3,,2,2,2,2,2,2,2,0,1,1,1,1,1,1,1,12532,2,4,2,0,0,0,2
12A192,9,40241,4,1,0,3,1,221,1,20,4,3,7,1,2,2,2,2,2,2,0,0,,0,0,0,0,0,0,,0,0,0,0,0,,0,0,,0,0,0,0,0,0,0,0,0,,0,0,0,0,0,,0,0,,0,0,0,0,0,0,0,0,0,0,,0,0,0,0,0,,0,0,0,,0,0,0,1,,2,2,2,2,1,1,2,0,1,1,1,1,1,1,1,22466,4,4,2,0,0,0,2
12A192,9,40245,1,1,0,1,1,221,1,53,8,2,1,1,1,1,1,1,2,1,1,3,,2,2,2,1,2,2,,2,0,2,1,1,,2,1,,2,2,2,2,2,1,2,2,2,,2,0,2,1,1,,3,3,,1,1,2,2,2,3,45,2,1,1,,0,0,0,1,1,,60,2,0,,3,3,1,0,,2,2,2,2,1,1,2,0,1,5,1,1,1,1,2,15497,1,2,1,2,2,2,1
12A192,9,40245,3,1,0,3,1,221,2,25,7,1,6,1,1,1,1,2,2,1,3,2,,2,1,2,2,2,2,,3,1000,2,1,1,,3,2,,2,2,2,2,2,1,2,2,2,,3,120,2,1,1,,0,0,,0,0,0,0,0,0,0,0,0,0,,0,0,0,1,2,,60,2,0,,3,3,1,0,,2,2,2,2,1,1,2,0,1,1,1,1,1,1,1,19494,1,2,1,2,2,0,1
12A192,9,40245,2,1,0,2,1,221,2,82,2,5,8,1,2,2,2,2,2,2,0,0,,0,0,0,0,0,0,,0,0,0,0,0,,0,0,,0,0,0,0,0,0,0,0,0,,0,0,0,0,0,,0,0,,0,0,0,0,0,0,0,0,0,0,,0,0,0,0,0,,0,0,0,,0,0,0,5,,2,2,2,2,2,2,2,0,2,0,1,1,1,1,2,15906,4,4,2,0,0,0,2
11B194,9,40266,4,1,0,4,1,221,1,51,4,3,4,1,2,2,2,1,2,2,0,0,,0,0,0,0,0,0,,0,0,0,0,0,,0,0,,0,0,0,0,0,0,0,0,0,,0,0,0,0,0,,5,3,,1,1,1,1,1,2,0,2,1,1,,0,0,0,0,0,,15,2,0,,2,3,2,0,,2,2,2,2,1,1,2,0,1,1,1,1,1,1,1,28691,3,3,1,0,0,2,1
11B194,9,40266,1,1,0,3,1,221,2,33,7,4,1,1,2,2,2,2,2,2,0,0,,0,0,0,0,0,0,,0,0,0,0,0,,0,0,,0,0,0,0,0,0,0,0,0,,0,0,0,0,0,,0,0,,0,0,0,0,0,0,0,0,0,0,,0,0,0,0,0,,0,0,0,,0,0,0,3,,2,2,2,2,1,1,2,0,1,2,1,1,1,1,1,30076,4,4,2,0,0,0,2
11B194,9,40266,3,1,0,1,1,221,1,84,0, ,8,1,2,2,2,2,2,2,0,0,,0,0,0,0,0,0,,0,0,0,0,0,,0,0,,0,0,0,0,0,0,0,0,0,,0,0,0,0,0,,0,0,,0,0,0,0,0,0,0,0,0,0,,0,0,0,0,0,,0,0,0,,0,0,0,5,,2,2,2,2,2,2,2,0,1,1,1,1,2,1,2,7909,4,4,2,0,0,0,2
11B194,9,40266,2,1,0,1,1,221,2,30,4,3,1,1,2,2,2,2,2,2,0,0,,0,0,0,0,0,0,,0,0,0,0,0,,0,0,,0,0,0,0,0,0,0,0,0,,0,0,0,0,0,,0,0,,0,0,0,0,0,0,0,0,0,0,,0,0,0,0,0,,0,0,0,,0,0,0,3,,2,2,2,2,1,1,2,0,1,1,1,1,1,1,1,6015,4,4,2,0,0,0,2
11B194,9,40269,1,1,0,1,1,221,2,32,4,3,1,1,2,2,1,2,2,2,0,0,,0,0,0,0,0,0,,0,0,0,0,0,,1,4,,2,2,1,2,2,2,2,2,2,,2,0,2,1,1,,0,0,,0,0,0,0,0,0,0,0,0,0,,0,0,0,0,0,,20,2,0,,2,3,2,0,,2,2,2,2,2,2,2,0,1,1,1,2,1,1,1,13310,3,3,1,0,2,0,1
11B194,9,40269,2,1,0,2,1,221,2,38,4,3,7,1,2,2,2,2,2,2,0,0,,0,0,0,0,0,0,,0,0,0,0,0,,0,0,,0,0,0,0,0,0,0,0,0,,0,0,0,0,0,,0,0,,0,0,0,0,0,0,0,0,0,0,,0,0,0,0,0,,0,0,0,,0,0,0,3,,2,2,2,2,2,1,2,0,1,6,1,1,1,1,1,13701,4,4,2,0,0,0,2
11B194,9,40269,3,1,0,1,1,221,1,70,7,4,8,1,1,2,2,1,2,2,0,0,,0,0,0,0,0,0,,0,0,0,0,0,,0,0,,0,0,0,0,0,0,0,0,0,,0,0,0,0,0,,7,3,,1,1,1,1,1,3,70,2,1,1,,0,0,0,0,0,,40,2,0,,3,3,1,0,,2,1,2,2,1,1,2,0,1,2,1,2,1,1,1,8751,1,3,1,0,0,2,1
11B194,9,40319,4,1,0,1,1,221,1,64,2,3,8,1,1,2,2,1,2,2,0,0,,0,0,0,0,0,0,,0,0,0,0,0,,0,0,,0,0,0,0,0,0,0,0,0,,0,0,0,0,0,,4,4,,1,1,1,1,1,2,0,2,1,1,,0,0,0,0,0,,15,2,0,,2,3,2,0,,2,2,2,2,2,2,2,0,2,0,1,2,2,2,2,13088,1,3,1,0,0,2,1
11B194,9,40319,2,1,0,1,1,221,1,44,3,3,1,1,2,2,2,2,2,2,0,0,,0,0,0,0,0,0,,0,0,0,0,0,,0,0,,0,0,0,0,0,0,0,0,0,,0,0,0,0,0,,0,0,,0,0,0,0,0,0,0,0,0,0,,0,0,0,0,0,,0,0,0,,0,0,0,3,,2,2,2,2,2,2,2,0,2,0,1,2,1,2,2,14526,4,4,2,0,0,0,2
11B194,9,40319,3,1,0,2,1,221,2,72,3,3,7,1,2,2,2,2,2,2,0,0,,0,0,0,0,0,0,,0,0,0,0,0,,0,0,,0,0,0,0,0,0,0,0,0,,0,0,0,0,0,,0,0,,0,0,0,0,0,0,0,0,0,0,,0,0,0,0,0,,0,0,0,,0,0,0,1,,2,2,2,2,2,2,2,0,2,0,1,2,2,2,1,23374,4,4,2,0,0,0,2
12B194,9,40367,3,1,0,1,1,221,2,54,3,3,7,1,2,2,2,2,2,2,0,0,,0,0,0,0,0,0,,0,0,0,0,0,,0,0,,0,0,0,0,0,0,0,0,0,,0,0,0,0,0,,0,0,,0,0,0,0,0,0,0,0,0,0,,0,0,0,0,0,,0,0,0,,0,0,0,5,,2,2,2,2,2,1,2,0,3,0,1,2,1,2,1,35603,4,4,2,0,0,0,2
12B194,9,40367,2,1,0,2,1,221,1,32,3,3,1,1,2,2,2,1,2,1,0,0,,0,0,0,0,0,0,,0,0,0,0,0,,0,0,,0,0,0,0,0,0,0,0,0,,0,0,0,0,0,,5,3,,1,1,1,1,1,3,70,2,1,4,,0,0,0,1,3,,20,2,0,,3,3,1,0,,2,2,2,2,1,2,2,0,1,1,1,1,1,1,1,26397,3,3,1,0,0,2,1
12B194,9,40367,1,1,0,2,1,221,2,45,3,3,7,1,2,2,2,2,2,2,0,0,,0,0,0,0,0,0,,0,0,0,0,0,,0,0,,0,0,0,0,0,0,0,0,0,,0,0,0,0,0,,0,0,,0,0,0,0,0,0,0,0,0,0,,0,0,0,0,0,,0,0,0,,0,0,0,3,,2,2,2,2,2,1,2,0,1,1,1,1,1,1,1,14241,4,4,2,0,0,0,2
12B194,9,40369,2,1,0,1,1,221,2,53,4,3,7,1,2,2,2,2,2,2,0,0,,0,0,0,0,0,0,,0,0,0,0,0,,0,0,,0,0,0,0,0,0,0,0,0,,0,0,0,0,0,,0,0,,0,0,0,0,0,0,0,0,0,0,,0,0,0,0,0,,0,0,0,,0,0,0,3,,2,2,2,2,1,1,2,0,1,1,1,1,1,1,1,23950,4,4,2,0,0,0,2
12B194,9,40369,1,1,0,4,1,221,1,24,7,2,1,1,1,1,2,1,2,1,1,3,,2,1,2,2,2,2,,2,0,2,1,1,,0,0,,0,0,0,0,0,0,0,0,0,,0,0,0,0,0,,5,4,,1,1,1,1,1,2,0,2,1,2,,0,0,0,2,1,,35,2,0,,4,3,2,0,,2,2,2,2,1,1,2,0,1,2,1,1,1,1,1,30619,1,2,1,2,0,2,1
12B194,9,40369,3,1,0,1,1,221,2,76,4,3,7,1,2,1,2,2,2,2,1,5,,2,2,1,2,2,2,,2,0,2,1,1,,0,0,,0,0,0,0,0,0,0,0,0,,0,0,0,0,0,,0,0,,0,0,0,0,0,0,0,0,0,0,,0,0,0,0,0,,30,2,0,,2,3,2,0,,2,2,2,2,1,1,2,0,1,1,1,1,1,1,1,15232,3,1,1,2,0,0,1
12B194,9,40369,4,1,0,2,1,221,2,58,2,3,7,1,2,2,1,2,2,2,0,0,,0,0,0,0,0,0,,0,0,0,0,0,,2,4,,2,2,2,2,2,2,2,1,2,,2,0,2,1,1,,0,0,,0,0,0,0,0,0,0,0,0,0,,0,0,0,0,0,,20,2,0,,2,3,2,0,,2,2,2,2,1,1,2,0,1,1,1,1,1,1,1,12924,3,3,1,0,2,0,1
12B194,9,40373,3,1,0,6,1,221,1,52,3,3,1,1,2,2,2,2,2,1,0,0,,0,0,0,0,0,0,,0,0,0,0,0,,0,0,,0,0,0,0,0,0,0,0,0,,0,0,0,0,0,,0,0,,0,0,0,0,0,0,0,0,0,0,,0,0,0,2,4,,20,1,6,,2,3,2,0,,2,2,2,2,2,2,2,0,2,0,1,1,1,1,1,28451,3,3,1,0,0,0,2
12B194,9,40373,2,1,0,1,1,221,1,65,4,3,1,1,1,1,2,2,2,1,1,3,,2,2,2,1,2,2,,3,300,2,1,1,,0,0,,0,0,0,0,0,0,0,0,0,,0,0,0,0,0,,0,0,,0,0,0,0,0,0,0,0,0,0,,0,0,0,2,4,,40,2,0,,3,3,1,0,,2,2,2,2,2,1,2,0,1,1,1,1,1,1,1,7844,1,2,1,2,0,0,1
12B194,9,40373,1,1,0,1,1,221,1,52,4,2,1,1,2,2,2,2,2,1,0,0,,0,0,0,0,0,0,,0,0,0,0,0,,0,0,,0,0,0,0,0,0,0,0,0,,0,0,0,0,0,,0,0,,0,0,0,0,0,0,0,0,0,0,,0,0,0,2,4,,20,1,6,,2,2,1,0,,2,1,2,2,2,2,2,0,1,1,1,1,1,1,1,7113,3,3,1,0,0,0,2
12B188,9,40378,2,1,0,1,1,221,1,51,7,4,1,1,2,2,2,2,2,2,0,0,,0,0,0,0,0,0,,0,0,0,0,0,,0,0,,0,0,0,0,0,0,0,0,0,,0,0,0,0,0,,0,0,,0,0,0,0,0,0,0,0,0,0,,0,0,0,0,0,,0,0,0,,0,0,0,3,,2,2,2,2,2,1,2,0,1,1,1,1,1,1,1,12847,4,4,2,0,0,0,2
12B188,9,40378,3,1,0,1,1,221,1,74,2,4,8,1,2,2,2,2,2,2,0,0,,0,0,0,0,0,0,,0,0,0,0,0,,0,0,,0,0,0,0,0,0,0,0,0,,0,0,0,0,0,,0,0,,0,0,0,0,0,0,0,0,0,0,,0,0,0,0,0,,0,0,0,,0,0,0,5,,2,2,2,2,2,2,2,0,2,0,1,1,2,2,1,42502,4,4,2,0,0,0,2
12B188,9,40378,4,1,1,2,1,221,2,21,7,1,4,1,2,2,2,2,2,1,0,0,,0,0,0,0,0,0,,0,0,0,0,0,,0,0,,0,0,0,0,0,0,0,0,0,,0,0,0,0,0,,0,0,,0,0,0,0,0,0,0,0,0,0,,0,0,0,1,4,,40,1,3,,3,3,2,0,,2,2,2,2,2,2,2,0,1,1,1,1,1,1,1,15330,3,3,1,0,0,0,2
12B188,9,40378,1,1,0,4,1,221,2,23,7,1,4,1,1,1,2,1,2,1,2,4,,2,1,2,1,2,2,,2,0,2,1,1,,0,0,,0,0,0,0,0,0,0,0,0,,0,0,0,0,0,,2,3,,1,2,1,2,2,1,0,1,2,1,,0,0,0,1,4,,45,2,0,,3,3,1,0,,2,2,2,2,1,1,2,0,1,1,1,1,1,1,1,38325,1,2,1,2,0,1,1
12B188,9,40381,1,1,0,1,1,221,1,54,8,2,1,1,1,1,2,1,2,2,2,4,,2,2,2,2,1,2,,3,1500,2,1,1,,0,0,,0,0,0,0,0,0,0,0,0,,0,0,0,0,0,,6,3,,1,1,2,1,1,1,0,1,2,1,,0,0,0,0,0,,30,1,3,,4,3,2,0,,2,2,2,2,2,1,1,1,1,3,1,1,1,1,1,22061,1,2,1,2,0,1,1
12B188,9,40381,4,1,0,1,1,221,2,73,6,3,8,1,2,2,2,2,2,2,0,0,,0,0,0,0,0,0,,0,0,0,0,0,,0,0,,0,0,0,0,0,0,0,0,0,,0,0,0,0,0,,0,0,,0,0,0,0,0,0,0,0,0,0,,0,0,0,0,0,,0,0,0,,0,0,0,5,,2,2,2,2,2,2,2,0,2,0,1,1,3,3,3,11321,4,4,2,0,0,0,2
12B188,9,40381,3,1,0,1,1,221,2,41,7,4,1,1,1,1,2,1,2,1,2,4,,2,2,2,2,1,2,,3,1200,2,1,1,,0,0,,0,0,0,0,0,0,0,0,0,,0,0,0,0,0,,5,3,,1,1,1,1,1,1,0,1,2,1,,0,0,0,2,3,,60,1,3,,4,3,2,0,,2,2,2,2,2,2,2,0,2,0,1,1,1,1,1,19044,1,2,1,2,0,1,1
12B188,9,40381,2,1,0,1,1,221,1,51,8,2,1,1,1,1,2,1,2,2,3,4,,2,2,2,1,1,2,,3,2500,1,1,1,,0,0,,0,0,0,0,0,0,0,0,0,,0,0,0,0,0,,7,3,,1,1,2,1,2,1,0,1,2,2,,0,0,0,0,0,,40,2,0,,4,3,2,0,,2,2,2,2,2,2,2,0,2,0,1,1,1,1,1,11030,1,2,1,3,0,1,1
13B194,9,40414,4,1,0,1,1,221,2,45,99, ,1,1,1,1,1,2,2,1,2,3,,2,2,2,1,2,2,,2,0,2,1,1,,3,3,,2,1,2,1,2,2,2,2,2,,2,0,2,1,1,,0,0,,0,0,0,0,0,0,0,0,0,0,,0,0,0,2,1,,40,2,0,,4,3,2,0,,2,2,2,2,1,1,2,0,1,2,1,1,1,1,1,9276,1,2,1,2,2,0,1
13B194,9,40414,1,1,0,2,1,221,2,27,7,4,1,1,2,2,2,2,2,2,0,0,,0,0,0,0,0,0,,0,0,0,0,0,,0,0,,0,0,0,0,0,0,0,0,0,,0,0,0,0,0,,0,0,,0,0,0,0,0,0,0,0,0,0,,0,0,0,0,0,,0,0,0,,0,0,0,3,,2,2,2,2,1,1,2,0,1,1,1,1,1,1,1,19279,4,4,2,0,0,0,2
13B194,9,40414,2,1,0,1,1,221,1,38,7,5,1,1,1,1,2,1,2,1,1,3,,2,2,2,1,2,2,,2,0,2,1,1,,0,0,,0,0,0,0,0,0,0,0,0,,0,0,0,0,0,,5,3,,1,1,1,1,1,3,200,2,1,1,,0,0,0,2,1,,50,2,0,,4,3,2,0,,2,2,2,2,1,1,1,1,1,2,1,1,1,1,1,10998,1,2,1,2,0,2,1
13B194,9,40414,3,1,0,2,1,221,1,60,2,6,1,1,2,2,2,1,2,2,0,0,,0,0,0,0,0,0,,0,0,0,0,0,,0,0,,0,0,0,0,0,0,0,0,0,,0,0,0,0,0,,5,4,,1,1,1,1,1,3,60,2,1,2,,0,0,0,0,0,,20,2,0,,2,2,2,0,,2,2,2,2,1,1,2,0,1,1,1,1,1,1,1,39636,3,3,1,0,0,2,1
11B194,9,40415,2,1,0,2,1,221,2,49,7,4,1,1,1,1,1,2,2,1,3,1,,2,1,2,2,2,2,,2,0,2,1,1,,3,3,,2,1,1,2,2,2,2,2,2,,2,0,2,1,1,,0,0,,0,0,0,0,0,0,0,0,0,0,,0,0,0,1,1,,40,2,0,,4,3,2,0,,2,2,2,2,1,1,2,0,1,2,1,1,1,1,1,13819,1,2,1,2,2,0,1
11B194,9,40415,3,1,0,1,1,221,2,68,3,3,7,1,2,2,2,2,2,2,0,0,,0,0,0,0,0,0,,0,0,0,0,0,,0,0,,0,0,0,0,0,0,0,0,0,,0,0,0,0,0,,0,0,,0,0,0,0,0,0,0,0,0,0,,0,0,0,0,0,,0,0,0,,0,0,0,1,,2,2,2,2,1,1,2,0,1,2,1,1,1,1,1,26365,4,4,2,0,0,0,2
11B194,9,40415,1,1,0,1,1,221,1,44,2,6,1,1,2,2,1,1,2,2,0,0,,0,0,0,0,0,0,,0,0,0,0,0,,2,3,,2,2,2,2,2,2,2,1,2,,2,0,2,1,2,,4,4,,1,1,1,1,1,3,30,2,1,2,,0,0,0,0,0,,15,2,0,,2,2,2,0,,2,2,2,2,2,2,2,0,1,1,1,1,1,1,1,16384,3,3,1,0,2,2,1
11B194,9,40415,4,1,0,2,1,221,2,73,2,6,7,1,2,2,2,2,2,2,0,0,,0,0,0,0,0,0,,0,0,0,0,0,,0,0,,0,0,0,0,0,0,0,0,0,,0,0,0,0,0,,0,0,,0,0,0,0,0,0,0,0,0,0,,0,0,0,0,0,,0,0,0,,0,0,0,5,,2,2,2,2,2,2,2,0,2,0,1,2,3,2,2,26365,4,4,2,0,0,0,2
11B188,9,40423,4,1,0,1,1,221,1,49,3,3,1,1,2,2,2,1,2,2,0,0,,0,0,0,0,0,0,,0,0,0,0,0,,0,0,,0,0,0,0,0,0,0,0,0,,0,0,0,0,0,,4,3,,1,1,1,1,1,2,0,2,1,2,,0,0,0,0,0,,25,2,0,,3,3,2,0,,2,2,2,2,1,1,2,0,1,1,1,1,1,1,1,14348,3,3,1,0,0,2,1
11B188,9,40423,1,1,0,1,1,221,1,26,4,3,1,1,2,2,2,1,2,2,0,0,,0,0,0,0,0,0,,0,0,0,0,0,,0,0,,0,0,0,0,0,0,0,0,0,,0,0,0,0,0,,4,3,,1,1,1,1,1,3,40,2,1,1,,0,0,0,0,0,,20,2,0,,3,3,2,0,,2,2,2,2,1,1,2,0,1,2,1,1,1,1,1,14307,3,3,1,0,0,2,1
11B188,9,40423,2,1,0,1,1,221,1,46,4,3,1,1,2,2,2,1,2,2,0,0,,0,0,0,0,0,0,,0,0,0,0,0,,0,0,,0,0,0,0,0,0,0,0,0,,0,0,0,0,0,,2,3,,1,1,1,1,1,2,0,2,1,2,,0,0,0,0,0,,15,2,0,,4,3,2,0,,2,2,2,2,1,1,2,0,1,2,1,1,1,1,1,28695,3,3,1,0,0,2,1
11B188,9,40423,3,1,0,2,1,221,2,23,4,2,1,1,2,2,2,2,2,2,0,0,,0,0,0,0,0,0,,0,0,0,0,0,,0,0,,0,0,0,0,0,0,0,0,0,,0,0,0,0,0,,0,0,,0,0,0,0,0,0,0,0,0,0,,0,0,0,0,0,,0,0,0,,0,0,0,3,,2,2,2,2,1,1,2,0,1,1,1,1,1,1,1,8559,4,4,2,0,0,0,2
11B188,9,40426,4,1,0,2,1,221,2,59,2,4,7,1,2,2,2,2,2,2,0,0,,0,0,0,0,0,0,,0,0,0,0,0,,0,0,,0,0,0,0,0,0,0,0,0,,0,0,0,0,0,,0,0,,0,0,0,0,0,0,0,0,0,0,,0,0,0,0,0,,0,0,0,,0,0,0,3,,2,2,2,2,2,2,2,0,1,1,1,2,1,2,1,17590,4,4,2,0,0,0,2
11B188,9,40426,3,1,0,1,1,221,1,41,3,3,1,1,1,2,2,1,2,2,0,0,,0,0,0,0,0,0,,0,0,0,0,0,,0,0,,0,0,0,0,0,0,0,0,0,,0,0,0,0,0,,5,3,,1,1,1,1,1,3,50,2,1,4,,0,0,0,0,0,,40,2,0,,2,3,2,0,,2,2,2,2,2,2,2,0,1,1,1,1,1,1,1,6442,1,3,1,0,0,2,1
11B188,9,40426,2,1,0,2,1,221,2,25,7,4,1,1,2,2,1,2,2,1,0,0,,0,0,0,0,0,0,,0,0,0,0,0,,1,4,,2,2,1,2,2,2,2,2,2,,2,0,2,1,1,,0,0,,0,0,0,0,0,0,0,0,0,0,,0,0,0,1,4,,30,2,0,,2,3,2,0,,2,2,2,2,2,2,2,0,1,1,1,1,1,1,1,11292,3,3,1,0,2,0,1
11B188,9,40426,1,1,0,4,1,221,2,21,3,3,4,1,2,2,2,2,2,2,0,0,,0,0,0,0,0,0,,0,0,0,0,0,,0,0,,0,0,0,0,0,0,0,0,0,,0,0,0,0,0,,0,0,,0,0,0,0,0,0,0,0,0,0,,0,0,0,0,0,,0,0,0,,0,0,0,3,,2,2,2,2,1,2,2,0,1,1,1,1,1,1,1,32134,4,4,2,0,0,0,2
12B188,9,40428,1,1,0,2,1,221,1,25,4,1,1,1,1,2,2,2,2,1,0,0,,0,0,0,0,0,0,,0,0,0,0,0,,0,0,,0,0,0,0,0,0,0,0,0,,0,0,0,0,0,,0,0,,0,0,0,0,0,0,0,0,0,0,,0,0,0,2,4,,20,2,0,,3,4,2,0,,2,2,2,2,1,2,2,0,1,1,1,2,1,2,1,18141,1,3,1,0,0,0,2
12B188,9,40428,2,1,0,1,1,221,2,75,2,6,8,1,2,2,2,2,2,2,0,0,,0,0,0,0,0,0,,0,0,0,0,0,,0,0,,0,0,0,0,0,0,0,0,0,,0,0,0,0,0,,0,0,,0,0,0,0,0,0,0,0,0,0,,0,0,0,0,0,,0,0,0,,0,0,0,5,,2,2,2,2,2,2,2,0,2,0,1,2,2,2,2,9336,4,4,2,0,0,0,2
12B188,9,40428,4,1,0,1,1,221,1,56,6,3,1,1,1,2,2,1,2,2,0,0,,0,0,0,0,0,0,,0,0,0,0,0,,0,0,,0,0,0,0,0,0,0,0,0,,0,0,0,0,0,,6,4,,1,1,1,1,1,3,90,2,1,1,,0,0,0,0,0,,20,2,0,,4,4,2,0,,2,2,2,2,1,1,1,2,1,2,1,2,1,2,1,15684,1,3,1,0,0,2,1
12B188,9,40429,3,1,0,3,1,221,1,27,7,4,1,1,1,1,2,1,2,2,5,4,,2,2,2,1,2,2,,1,0,1,2,1,,0,0,,0,0,0,0,0,0,0,0,0,,0,0,0,0,0,,7,3,,1,1,1,1,1,1,0,1,2,1,,0,0,0,0,0,,60,1,5,,3,3,2,0,,2,2,2,2,1,1,1,1,1,4,1,1,1,1,1,35904,1,2,1,1,0,1,1
12B188,9,40429,2,1,0,1,1,221,1,43,8,2,1,1,1,2,2,2,2,2,0,0,,0,0,0,0,0,0,,0,0,0,0,0,,0,0,,0,0,0,0,0,0,0,0,0,,0,0,0,0,0,,0,0,,0,0,0,0,0,0,0,0,0,0,,0,0,0,0,0,,0,0,0,,0,0,0,3,,2,2,2,2,1,1,1,1,1,3,1,1,1,1,1,11483,2,4,2,0,0,0,2
12B188,9,40429,4,1,0,1,1,221,2,73,6,2,8,1,2,2,2,2,2,2,0,0,,0,0,0,0,0,0,,0,0,0,0,0,,0,0,,0,0,0,0,0,0,0,0,0,,0,0,0,0,0,,0,0,,0,0,0,0,0,0,0,0,0,0,,0,0,0,0,0,,0,0,0,,0,0,0,5,,2,2,2,2,2,2,2,0,2,0,1,1,1,1,1,12319,4,4,2,0,0,0,2
12B188,9,40429,1,1,0,1,1,221,2,43,7,4,1,1,1,1,2,1,2,2,3,4,,2,2,1,1,1,2,,1,0,1,2,1,,0,0,,0,0,0,0,0,0,0,0,0,,0,0,0,0,0,,4,3,,1,2,1,1,1,1,0,1,2,1,,0,0,0,0,0,,30,1,5,,4,4,1,0,,2,2,2,2,1,1,1,2,1,4,1,1,1,1,1,10361,1,2,1,1,0,1,1
13B188,9,40431,3,1,0,3,1,221,1,46,4,2,1,1,2,2,2,2,2,2,0,0,,0,0,0,0,0,0,,0,0,0,0,0,,0,0,,0,0,0,0,0,0,0,0,0,,0,0,0,0,0,,0,0,,0,0,0,0,0,0,0,0,0,0,,0,0,0,0,0,,0,0,0,,0,0,0,2,,2,2,2,2,2,2,2,0,2,0,1,1,1,1,1,33579,4,4,2,0,0,0,2
13B188,9,40431,4,1,0,5,1,221,1,24,4,3,4,1,2,2,2,2,2,2,0,0,,0,0,0,0,0,0,,0,0,0,0,0,,0,0,,0,0,0,0,0,0,0,0,0,,0,0,0,0,0,,0,0,,0,0,0,0,0,0,0,0,0,0,,0,0,0,0,0,,0,0,0,,0,0,0,2,,2,2,2,2,2,2,2,0,2,0,1,1,1,1,1,43303,4,4,2,0,0,0,2
13B188,9,40431,1,1,0,2,1,221,2,47,5,4,7,1,2,2,2,2,2,2,0,0,,0,0,0,0,0,0,,0,0,0,0,0,,0,0,,0,0,0,0,0,0,0,0,0,,0,0,0,0,0,,0,0,,0,0,0,0,0,0,0,0,0,0,,0,0,0,0,0,,0,0,0,,0,0,0,1,,2,2,2,2,2,2,2,0,2,0,1,1,1,1,1,13549,4,4,2,0,0,0,2
13B188,9,40431,2,1,0,3,1,221,2,51,7,5,7,1,2,2,2,2,2,2,0,0,,0,0,0,0,0,0,,0,0,0,0,0,,0,0,,0,0,0,0,0,0,0,0,0,,0,0,0,0,0,,0,0,,0,0,0,0,0,0,0,0,0,0,,0,0,0,0,0,,0,0,0,,0,0,0,1,,2,2,2,2,2,2,2,0,2,0,1,1,1,1,1,20323,4,4,2,0,0,0,2
12B188,9,40432,1,1,0,2,1,221,2,64,2,5,7,1,2,2,2,2,2,2,0,0,,0,0,0,0,0,0,,0,0,0,0,0,,0,0,,0,0,0,0,0,0,0,0,0,,0,0,0,0,0,,0,0,,0,0,0,0,0,0,0,0,0,0,,0,0,0,0,0,,0,0,0,,0,0,0,1,,2,2,2,2,2,2,2,0,2,0,1,2,2,2,2,13178,4,4,2,0,0,0,2
12B188,9,40432,2,1,0,2,1,221,2,58,7,4,7,1,1,2,1,2,2,2,0,0,,0,0,0,0,0,0,,0,0,0,0,0,,2,4,,2,2,1,2,2,2,2,2,2,,2,0,2,1,1,,0,0,,0,0,0,0,0,0,0,0,0,0,,0,0,0,0,0,,20,2,0,,4,4,2,0,,2,2,2,2,1,1,1,2,1,3,1,1,1,1,1,32943,1,3,1,0,2,0,1
12B188,9,40432,3,1,0,1,1,221,2,37,2,6,1,1,2,2,2,2,2,2,0,0,,0,0,0,0,0,0,,0,0,0,0,0,,0,0,,0,0,0,0,0,0,0,0,0,,0,0,0,0,0,,0,0,,0,0,0,0,0,0,0,0,0,0,,0,0,0,0,0,,0,0,0,,0,0,0,3,,2,2,2,2,2,2,2,0,2,0,1,2,1,2,2,6531,4,4,2,0,0,0,2
12B188,9,40432,4,1,0,2,1,221,2,65,6,3,7,1,1,1,1,2,2,2,2,4,,1,2,2,1,2,2,,2,0,2,1,1,,2,4,,2,2,1,1,2,2,2,2,2,,3,70,2,1,1,,0,0,,0,0,0,0,0,0,0,0,0,0,,0,0,0,0,0,,30,2,0,,4,4,2,0,,1,2,2,2,1,1,1,2,1,1,1,2,1,1,1,15531,1,2,1,2,2,0,1
11B195,9,40468,1,1,0,1,1,221,2,24,4,3,4,1,1,1,2,1,1,2,3,4,,2,2,1,1,2,2,,1,0,1,2,1,,0,0,,0,0,0,0,0,0,0,0,0,,0,0,0,0,0,,2,3,,2,1,1,2,2,2,0,2,1,4,,1,2,1,0,0,,30,2,0,,2,3,2,0,,2,2,2,2,1,1,1,2,1,3,1,1,1,1,1,27855,1,2,1,1,0,2,1
11B195,9,40468,2,1,0,2,1,221,2,44,3,3,7,1,1,1,2,2,2,2,3,4,,2,2,2,2,1,2,,3,240,2,1,1,,0,0,,0,0,0,0,0,0,0,0,0,,0,0,0,0,0,,0,0,,0,0,0,0,0,0,0,0,0,0,,0,0,0,0,0,,30,2,0,,2,3,2,0,,2,2,2,2,2,2,2,0,2,0,1,1,1,1,1,26870,1,1,1,2,0,0,1
11B195,9,40468,3,1,0,2,1,221,2,34,2,6,1,1,2,2,2,2,2,2,0,0,,0,0,0,0,0,0,,0,0,0,0,0,,0,0,,0,0,0,0,0,0,0,0,0,,0,0,0,0,0,,0,0,,0,0,0,0,0,0,0,0,0,0,,0,0,0,0,0,,0,0,0,,0,0,0,2,,2,2,2,2,2,2,2,0,2,0,1,1,1,1,1,13052,4,4,2,0,0,0,2
11A191,9,40478,3,1,0,1,1,221,2,56,3,2,1,1,1,2,2,2,2,1,0,0,,0,0,0,0,0,0,,0,0,0,0,0,,0,0,,0,0,0,0,0,0,0,0,0,,0,0,0,0,0,,0,0,,0,0,0,0,0,0,0,0,0,0,,0,0,0,1,3,,40,2,0,,2,2,2,0,,2,2,2,2,1,1,1,2,1,1,1,2,3,1,1,12839,1,3,1,0,0,0,2
11A191,9,40478,4,1,0,2,1,221,2,65,2,6,7,1,2,2,2,2,2,2,0,0,,0,0,0,0,0,0,,0,0,0,0,0,,0,0,,0,0,0,0,0,0,0,0,0,,0,0,0,0,0,,0,0,,0,0,0,0,0,0,0,0,0,0,,0,0,0,0,0,,0,0,0,,0,0,0,5,,2,2,2,2,2,3,2,0,1,1,1,2,1,2,1,15132,4,4,2,0,0,0,2
11A191,9,40478,1,1,0,1,1,221,1,51,2,6,1,1,2,2,2,2,2,2,0,0,,0,0,0,0,0,0,,0,0,0,0,0,,0,0,,0,0,0,0,0,0,0,0,0,,0,0,0,0,0,,0,0,,0,0,0,0,0,0,0,0,0,0,,0,0,0,0,0,,0,0,0,,0,0,0,3,,2,2,2,2,2,2,2,0,3,0,1,2,1,2,1,14742,4,4,2,0,0,0,2
11A191,9,40478,2,1,0,1,1,221,2,65,3,2,7,1,1,2,1,2,2,2,0,0,,0,0,0,0,0,0,,0,0,0,0,0,,1,4,,2,2,2,2,2,2,1,2,2,,2,0,2,1,1,,0,0,,0,0,0,0,0,0,0,0,0,0,,0,0,0,0,0,,30,2,0,,3,3,2,0,,2,2,2,2,2,2,2,0,3,0,1,2,1,2,1,15132,1,3,1,0,2,0,1
11B195,9,40516,4,1,0,2,1,221,2,37,7,5,7,1,2,2,2,2,2,2,0,0,,0,0,0,0,0,0,,0,0,0,0,0,,0,0,,0,0,0,0,0,0,0,0,0,,0,0,0,0,0,,0,0,,0,0,0,0,0,0,0,0,0,0,,0,0,0,0,0,,0,0,0,,0,0,0,2,,2,2,2,2,1,2,2,0,1,1,1,1,1,1,1,16178,4,4,2,0,0,0,2
11B195,9,40516,1,1,0,1,1,221,1,73,3,3,8,1,2,2,2,2,2,2,0,0,,0,0,0,0,0,0,,0,0,0,0,0,,0,0,,0,0,0,0,0,0,0,0,0,,0,0,0,0,0,,0,0,,0,0,0,0,0,0,0,0,0,0,,0,0,0,0,0,,0,0,0,,0,0,0,5,,2,2,2,2,2,2,2,0,1,1,1,2,1,1,1,20666,4,4,2,0,0,0,2
11B195,9,40516,2,1,0,1,1,221,2,66,3,3,7,1,2,2,2,2,2,2,0,0,,0,0,0,0,0,0,,0,0,0,0,0,,0,0,,0,0,0,0,0,0,0,0,0,,0,0,0,0,0,,0,0,,0,0,0,0,0,0,0,0,0,0,,0,0,0,0,0,,0,0,0,,0,0,0,1,,2,2,2,2,2,2,2,0,2,0,1,2,1,2,2,9618,4,4,2,0,0,0,2
12B195,9,40521,3,1,0,3,1,221,2,28,7,5,1,1,1,1,1,2,2,1,2,1,,2,1,2,2,2,2,,2,0,2,1,1,,2,3,,2,1,2,2,2,2,2,2,2,,2,0,2,1,1,,0,0,,0,0,0,0,0,0,0,0,0,0,,0,0,0,2,1,,35,2,0,,4,3,2,0,,2,2,2,2,1,1,2,0,1,2,1,1,1,1,1,29858,1,2,1,2,2,0,1
12B195,9,40521,1,1,0,1,1,221,1,48,3,3,1,1,2,2,2,1,2,2,0,0,,0,0,0,0,0,0,,0,0,0,0,0,,0,0,,0,0,0,0,0,0,0,0,0,,0,0,0,0,0,,3,3,,1,1,1,1,1,2,0,2,1,1,,0,0,0,0,0,,20,2,0,,3,3,2,0,,2,2,2,2,1,1,2,0,1,1,1,1,1,1,1,8901,3,3,1,0,0,2,1
12A191,9,40527,4,1,0,5,1,221,1,19,4,3,6,1,1,1,2,2,2,2,1,2,,2,2,2,1,2,2,,2,0,2,1,1,,0,0,,0,0,0,0,0,0,0,0,0,,0,0,0,0,0,,0,0,,0,0,0,0,0,0,0,0,0,0,,0,0,0,0,0,,30,2,0,,2,3,1,0,,2,2,2,2,1,2,1,2,1,1,1,1,1,1,1,43932,1,1,1,2,0,0,1
12A191,9,40527,1,1,0,2,1,221,1,69,2,6,1,1,1,1,2,1,2,2,1,5,,2,2,1,2,2,2,,2,0,2,1,1,,0,0,,0,0,0,0,0,0,0,0,0,,0,0,0,0,0,,3,3,,1,1,1,2,1,2,0,2,1,1,,0,0,0,0,0,,25,2,0,,2,3,2,0,,2,2,2,2,2,2,2,0,3,0,1,2,1,1,1,28175,1,2,1,2,0,2,1
12A191,9,40527,2,1,0,1,1,221,1,77,2,6,8,1,2,2,2,2,2,2,0,0,,0,0,0,0,0,0,,0,0,0,0,0,,0,0,,0,0,0,0,0,0,0,0,0,,0,0,0,0,0,,0,0,,0,0,0,0,0,0,0,0,0,0,,0,0,0,0,0,,0,0,0,,0,0,0,5,,2,2,2,2,2,2,2,0,2,0,2,0,0,0,0,37567,4,4,2,0,0,0,2
12A191,9,40527,3,1,0,1,1,221,1,61,4,3,1,1,2,2,2,2,2,2,0,0,,0,0,0,0,0,0,,0,0,0,0,0,,0,0,,0,0,0,0,0,0,0,0,0,,0,0,0,0,0,,0,0,,0,0,0,0,0,0,0,0,0,0,,0,0,0,0,0,,0,0,0,,0,0,0,3,,2,2,2,2,2,2,2,0,3,0,1,2,1,2,1,14684,4,4,2,0,0,0,2
11A191,9,40528,2,1,0,1,1,221,1,55,6,3,1,1,1,2,2,1,2,2,0,0,,0,0,0,0,0,0,,0,0,0,0,0,,0,0,,0,0,0,0,0,0,0,0,0,,0,0,0,0,0,,4,4,,1,1,1,1,1,3,60,2,1,1,,0,0,0,0,0,,20,2,0,,4,4,2,0,,2,2,2,2,2,2,2,0,1,1,1,2,2,2,1,7036,1,3,1,0,0,2,1
11A191,9,40528,3,1,0,2,1,221,2,54,3,3,7,1,1,2,1,2,2,2,0,0,,0,0,0,0,0,0,,0,0,0,0,0,,4,4,,2,2,1,2,2,2,2,1,2,,2,0,2,1,1,,0,0,,0,0,0,0,0,0,0,0,0,0,,0,0,0,0,0,,25,2,0,,2,3,2,0,,2,2,2,2,2,2,2,0,2,0,1,2,1,2,2,26343,1,3,1,0,2,0,1
11A191,9,40528,4,1,0,1,1,221,1,70,2,3,7,1,2,2,2,2,2,2,0,0,,0,0,0,0,0,0,,0,0,0,0,0,,0,0,,0,0,0,0,0,0,0,0,0,,0,0,0,0,0,,0,0,,0,0,0,0,0,0,0,0,0,0,,0,0,0,0,0,,0,0,0,,0,0,0,1,,2,2,2,2,2,2,2,0,2,0,1,2,2,2,2,17999,4,4,2,0,0,0,2
11A191,9,40528,1,1,0,1,1,221,1,49,3,3,1,1,1,2,2,1,2,2,0,0,,0,0,0,0,0,0,,0,0,0,0,0,,0,0,,0,0,0,0,0,0,0,0,0,,0,0,0,0,0,,3,4,,1,1,1,1,1,2,0,2,1,1,,0,0,0,0,0,,20,2,0,,4,4,2,0,,2,2,2,2,2,2,2,0,2,0,1,2,1,2,2,24483,1,3,1,0,0,2,1
12A191,9,40530,4,1,1,1,1,221,1,52,7,5,1,1,1,1,2,1,2,1,2,3,,2,2,2,1,2,2,,1,0,1,2,1,,0,0,,0,0,0,0,0,0,0,0,0,,0,0,0,0,0,,4,3,,1,1,1,2,2,3,60,2,1,1,,0,0,0,1,3,,40,1,6,,3,3,1,0,,1,1,1,1,2,1,2,0,1,2,1,1,1,1,1,9280,1,2,1,1,0,2,1
12A191,9,40530,1,1,1,1,1,221,2,39,7,5,7,1,1,1,1,2,2,1,2,4,,2,1,2,1,2,2,,3,800,2,1,1,,3,3,,2,2,1,1,2,2,2,1,2,,3,100,2,1,1,,0,0,,0,0,0,0,0,0,0,0,0,0,,0,0,0,1,3,,30,2,0,,2,3,1,0,,1,2,2,2,1,1,2,0,1,2,1,1,1,1,1,8011,1,2,1,2,2,0,1
12A191,9,40530,2,1,0,1,1,221,1,51,7,6,1,1,1,1,2,2,2,1,2,3,,2,1,2,2,2,2,,3,400,2,1,1,,0,0,,0,0,0,0,0,0,0,0,0,,0,0,0,0,0,,0,0,,0,0,0,0,0,0,0,0,0,0,,0,0,0,1,3,,30,2,0,,3,3,2,0,,2,2,2,2,2,1,2,0,1,2,1,1,1,1,1,9280,1,2,1,2,0,0,1
12A191,9,40530,3,1,0,1,1,221,1,75,7,4,8,1,1,1,2,1,2,1,2,4,,2,2,2,1,2,2,,3,500,2,1,1,,0,0,,0,0,0,0,0,0,0,0,0,,0,0,0,0,0,,5,4,,1,1,1,2,2,3,80,2,1,1,,0,0,0,2,3,,40,2,0,,2,3,1,0,,1,2,2,1,2,1,2,0,1,2,1,2,2,3,2,10234,1,2,1,2,0,2,1
12B195,9,40564,2,1,0,2,1,221,2,61,6,3,7,1,2,1,2,2,2,2,1,5,,2,2,1,2,2,2,,2,0,2,1,1,,0,0,,0,0,0,0,0,0,0,0,0,,0,0,0,0,0,,0,0,,0,0,0,0,0,0,0,0,0,0,,0,0,0,0,0,,30,2,0,,2,2,2,0,,2,2,2,2,1,1,2,0,1,1,1,1,1,1,1,13929,3,1,1,2,0,0,1
12B195,9,40564,3,1,0,3,1,221,1,21,4,2,4,1,1,1,2,1,2,1,1,3,,2,1,2,2,2,2,,2,0,2,1,1,,0,0,,0,0,0,0,0,0,0,0,0,,0,0,0,0,0,,4,3,,1,1,1,1,1,2,0,2,1,1,,0,0,0,2,2,,35,2,0,,4,3,2,0,,2,2,2,2,1,1,2,0,1,2,1,1,1,1,1,41252,1,2,1,2,0,2,1
13A191,9,40579,3,1,0,1,1,221,2,68,7,4,8,1,1,1,1,2,2,2,5,3,,2,2,2,1,1,2,,2,0,2,1,1,,2,3,,2,2,2,2,2,1,2,2,2,,2,0,2,1,1,,0,0,,0,0,0,0,0,0,0,0,0,0,,0,0,0,0,0,,60,2,0,,3,3,1,0,,2,2,2,2,1,1,1,2,1,5,1,1,1,1,1,10313,1,2,1,2,2,0,1
13A191,9,40579,1,1,0,2,1,221,2,77,6,6,8,1,1,1,1,2,2,2,1,3,,2,2,1,2,2,2,,2,0,2,1,1,,2,3,,2,2,2,1,1,2,2,2,2,,3,50,2,1,1,,0,0,,0,0,0,0,0,0,0,0,0,0,,0,0,0,0,0,,30,2,0,,3,3,1,0,,2,2,2,2,2,1,2,0,2,0,1,1,1,1,1,10313,1,2,1,2,2,0,1
13A191,9,40579,4,1,0,1,1,221,1,44,7,5,1,1,1,1,1,2,2,1,2,1,,2,1,2,2,2,2,,3,600,2,1,1,,3,1,,2,2,2,2,2,1,2,2,2,,2,0,2,1,1,,0,0,,0,0,0,0,0,0,0,0,0,0,,0,0,0,1,1,,60,2,0,,3,3,1,0,,1,2,2,2,2,1,2,0,1,2,1,1,1,1,1,9613,1,2,1,2,2,0,1
12A191,9,40580,3,1,0,1,1,221,1,39,3,3,1,1,2,2,2,2,2,1,0,0,,0,0,0,0,0,0,,0,0,0,0,0,,0,0,,0,0,0,0,0,0,0,0,0,,0,0,0,0,0,,0,0,,0,0,0,0,0,0,0,0,0,0,,0,0,0,2,3,,20,2,0,,2,2,2,0,,2,2,2,2,2,2,2,0,2,0,1,1,1,1,1,15534,3,3,1,0,0,0,2
12A191,9,40580,4,1,0,1,1,221,1,75,7,5,8,1,1,1,2,2,2,1,1,3,,2,2,2,1,2,2,,2,0,2,1,1,,0,0,,0,0,0,0,0,0,0,0,0,,0,0,0,0,0,,0,0,,0,0,0,0,0,0,0,0,0,0,,0,0,0,2,4,,30,2,0,,2,3,1,0,,2,2,2,2,2,1,2,0,1,1,1,1,1,1,1,17903,1,2,1,2,0,0,1
12A191,9,40580,2,1,0,1,1,221,1,52,7,5,1,1,1,1,1,2,2,1,1,3,,2,2,2,2,1,2,,2,0,2,1,1,,3,1,,2,2,2,2,2,1,2,2,2,,2,0,2,1,1,,0,0,,0,0,0,0,0,0,0,0,0,0,,0,0,0,2,3,,30,2,0,,3,3,1,0,,2,2,2,2,2,2,2,0,2,0,1,1,1,1,1,16235,1,2,1,2,2,0,1
12A191,9,40580,1,1,0,2,1,221,2,39,6,2,1,1,2,2,2,2,2,1,0,0,,0,0,0,0,0,0,,0,0,0,0,0,,0,0,,0,0,0,0,0,0,0,0,0,,0,0,0,0,0,,0,0,,0,0,0,0,0,0,0,0,0,0,,0,0,0,2,4,,20,2,0,,2,2,1,0,,2,2,2,2,2,2,2,0,2,0,1,1,1,1,1,14015,3,3,1,0,0,0,2
11B195,9,40612,4,1,0,1,1,221,1,57,3,3,1,1,2,2,2,1,2,2,0,0,,0,0,0,0,0,0,,0,0,0,0,0,,0,0,,0,0,0,0,0,0,0,0,0,,0,0,0,0,0,,3,4,,1,1,1,1,1,3,35,2,1,2,,0,0,0,0,0,,20,2,0,,2,3,2,0,,2,2,2,2,1,1,2,0,1,1,1,1,1,1,1,6982,3,3,1,0,0,2,1
11B195,9,40612,3,1,0,2,1,221,2,51,2,6,7,1,2,2,2,2,2,2,0,0,,0,0,0,0,0,0,,0,0,0,0,0,,0,0,,0,0,0,0,0,0,0,0,0,,0,0,0,0,0,,0,0,,0,0,0,0,0,0,0,0,0,0,,0,0,0,0,0,,0,0,0,,0,0,0,1,,2,2,2,2,2,2,2,0,1,1,1,1,1,1,1,19605,4,4,2,0,0,0,2
11B195,9,40612,1,1,0,1,1,221,1,53,3,3,1,1,2,2,2,1,2,2,0,0,,0,0,0,0,0,0,,0,0,0,0,0,,0,0,,0,0,0,0,0,0,0,0,0,,0,0,0,0,0,,2,3,,1,1,1,1,1,3,12,2,1,1,,0,0,0,0,0,,10,2,0,,2,2,2,0,,2,2,2,2,2,2,2,0,1,1,1,1,1,1,1,32393,3,3,1,0,0,2,1
11B195,9,40612,2,1,0,2,1,221,2,60,3,3,7,1,2,2,2,2,2,2,0,0,,0,0,0,0,0,0,,0,0,0,0,0,,0,0,,0,0,0,0,0,0,0,0,0,,0,0,0,0,0,,0,0,,0,0,0,0,0,0,0,0,0,0,,0,0,0,0,0,,0,0,0,,0,0,0,3,,2,2,2,2,2,2,2,0,1,2,1,1,1,1,1,28210,4,4,2,0,0,0,2
12B195,9,40613,2,1,0,1,1,221,1,51,7,4,1,1,2,2,2,1,2,2,0,0,,0,0,0,0,0,0,,0,0,0,0,0,,0,0,,0,0,0,0,0,0,0,0,0,,0,0,0,0,0,,3,4,,1,1,1,1,1,2,0,2,1,2,,0,0,0,0,0,,20,2,0,,3,3,2,0,,2,2,2,2,1,1,2,0,1,2,1,1,1,1,1,16664,3,3,1,0,0,2,1
12B195,9,40613,3,1,0,1,1,221,1,35,7,5,1,1,1,1,2,1,2,1,2,3,,2,2,2,1,2,2,,2,0,2,1,1,,0,0,,0,0,0,0,0,0,0,0,0,,0,0,0,0,0,,5,3,,1,1,1,1,1,3,50,2,1,1,,0,0,0,2,1,,30,2,0,,4,3,2,0,,2,2,2,2,1,1,2,0,1,2,1,1,1,1,1,7972,1,2,1,2,0,2,1
12B195,9,40613,4,1,0,1,1,221,1,59,7,4,4,1,2,2,2,2,2,2,0,0,,0,0,0,0,0,0,,0,0,0,0,0,,0,0,,0,0,0,0,0,0,0,0,0,,0,0,0,0,0,,0,0,,0,0,0,0,0,0,0,0,0,0,,0,0,0,0,0,,0,0,0,,0,0,0,1,,2,2,2,2,1,1,2,0,1,1,1,1,1,1,1,7183,4,4,2,0,0,0,2
11B195,9,40617,4,1,0,2,1,221,2,59,6,3,7,1,1,2,1,2,2,2,0,0,,0,0,0,0,0,0,,0,0,0,0,0,,4,4,,2,2,1,2,2,2,2,1,2,,2,0,2,1,1,,0,0,,0,0,0,0,0,0,0,0,0,0,,0,0,0,0,0,,25,2,0,,2,4,2,0,,2,2,2,2,2,2,2,0,1,1,1,2,2,2,1,17177,1,3,1,0,2,0,1
11B195,9,40617,2,1,0,2,1,221,2,31,7,4,7,1,1,1,1,2,2,1,3,4,,2,2,2,1,2,2,,2,0,2,1,1,,5,4,,2,2,1,2,2,1,1,1,2,,3,200,2,1,1,,0,0,,0,0,0,0,0,0,0,0,0,0,,0,0,0,2,4,,90,2,0,,4,4,2,0,,1,2,2,1,1,1,1,2,1,4,1,2,1,1,1,11027,1,2,1,2,2,0,1
11B195,9,40617,1,1,0,1,1,221,2,48,3,3,1,1,1,2,1,2,2,2,0,0,,0,0,0,0,0,0,,0,0,0,0,0,,4,4,,2,2,1,2,2,2,2,1,2,,2,0,2,1,2,,0,0,,0,0,0,0,0,0,0,0,0,0,,0,0,0,0,0,,25,2,0,,4,4,2,0,,2,2,2,2,1,2,2,0,2,0,1,2,1,2,1,10611,1,3,1,0,2,0,1
13B195,9,40618,4,1,0,1,1,221,2,75,2,6,7,1,2,2,2,2,2,2,0,0,,0,0,0,0,0,0,,0,0,0,0,0,,0,0,,0,0,0,0,0,0,0,0,0,,0,0,0,0,0,,0,0,,0,0,0,0,0,0,0,0,0,0,,0,0,0,0,0,,0,0,0,,0,0,0,1,,2,2,2,2,2,2,2,0,2,0,1,2,2,2,2,22736,4,4,2,0,0,0,2
13B195,9,40618,3,1,0,2,1,221,2,47,7,4,7,1,1,1,1,2,2,1,4,3,,2,2,2,1,1,2,,3,650,2,1,1,,4,4,,2,2,1,1,2,2,1,2,2,,3,150,2,1,1,,0,0,,0,0,0,0,0,0,0,0,0,0,,0,0,0,3,4,,90,2,0,,4,4,2,0,,1,2,2,1,1,1,1,2,1,4,1,1,1,1,1,17876,1,2,1,2,2,0,1
13B195,9,40618,2,1,0,3,1,221,1,40,3,3,1,1,1,2,1,2,2,1,0,0,,0,0,0,0,0,0,,0,0,0,0,0,,3,4,,1,2,2,2,2,2,1,2,2,,2,0,2,1,1,,0,0,,0,0,0,0,0,0,0,0,0,0,,0,0,0,2,4,,45,2,0,,3,4,2,0,,2,2,2,2,2,2,2,0,2,0,1,2,1,2,1,31791,1,3,1,0,2,0,1
13B195,9,40618,1,1,0,1,1,221,1,46,3,3,1,1,1,2,1,1,2,1,0,0,,0,0,0,0,0,0,,0,0,0,0,0,,2,4,,2,2,2,2,2,2,2,1,2,,2,0,2,1,1,,3,4,,1,1,1,1,1,3,45,2,1,1,,0,0,0,3,4,,20,2,0,,3,3,2,0,,2,2,2,2,2,1,1,2,1,1,1,2,1,2,2,22151,1,3,1,0,2,2,1
12B195,9,40620,4,1,0,1,1,221,1,53,4,3,1,1,2,2,2,2,2,1,0,0,,0,0,0,0,0,0,,0,0,0,0,0,,0,0,,0,0,0,0,0,0,0,0,0,,0,0,0,0,0,,0,0,,0,0,0,0,0,0,0,0,0,0,,0,0,0,2,4,,30,2,0,,2,3,1,0,,2,2,2,2,2,2,2,0,2,0,1,1,1,1,1,26413,3,3,1,0,0,0,2
12B195,9,40620,3,1,0,2,1,221,2,40,6,3,7,1,1,2,1,2,2,1,0,0,,0,0,0,0,0,0,,0,0,0,0,0,,3,3,,2,2,2,1,2,1,1,2,2,,2,0,2,1,1,,0,0,,0,0,0,0,0,0,0,0,0,0,,0,0,0,2,3,,30,2,0,,2,2,2,0,,2,2,2,2,2,1,2,0,2,0,1,1,1,1,1,15201,1,3,1,0,2,0,1
12B195,9,40620,2,1,0,2,1,221,2,55,6,3,7,1,2,2,2,2,2,1,0,0,,0,0,0,0,0,0,,0,0,0,0,0,,0,0,,0,0,0,0,0,0,0,0,0,,0,0,0,0,0,,0,0,,0,0,0,0,0,0,0,0,0,0,,0,0,0,2,3,,20,2,0,,2,3,1,0,,2,2,2,2,2,1,2,0,2,0,1,1,1,1,1,30669,3,3,1,0,0,0,2
12B195,9,40620,1,1,0,3,1,221,1,30,4,3,1,1,2,2,2,2,2,1,0,0,,0,0,0,0,0,0,,0,0,0,0,0,,0,0,,0,0,0,0,0,0,0,0,0,,0,0,0,0,0,,0,0,,0,0,0,0,0,0,0,0,0,0,,0,0,0,2,3,,30,2,0,,2,2,2,0,,2,2,2,2,2,2,2,0,2,0,1,1,1,1,1,43897,3,3,1,0,0,0,2
11A191,9,40631,3,1,0,1,1,221,1,82,6,3,8,1,2,2,2,2,2,2,0,0,,0,0,0,0,0,0,,0,0,0,0,0,,0,0,,0,0,0,0,0,0,0,0,0,,0,0,0,0,0,,0,0,,0,0,0,0,0,0,0,0,0,0,,0,0,0,0,0,,0,0,0,,0,0,0,5,,2,2,2,2,2,2,2,0,2,0,1,2,2,2,2,7498,4,4,2,0,0,0,2
11A191,9,40631,4,1,0,1,1,221,1,41,2,3,4,1,1,2,1,2,2,1,0,0,,0,0,0,0,0,0,,0,0,0,0,0,,3,4,,2,2,1,2,2,2,2,1,2,,2,0,2,1,1,,0,0,,0,0,0,0,0,0,0,0,0,0,,0,0,0,2,4,,30,2,0,,4,4,2,0,,2,2,2,2,1,2,2,0,1,1,1,2,1,1,1,6506,1,3,1,0,2,0,1
11A191,9,40631,1,1,0,2,1,221,1,43,3,2,1,1,2,2,2,2,2,2,0,0,,0,0,0,0,0,0,,0,0,0,0,0,,0,0,,0,0,0,0,0,0,0,0,0,,0,0,0,0,0,,0,0,,0,0,0,0,0,0,0,0,0,0,,0,0,0,0,0,,0,0,0,,0,0,0,3,,2,2,2,2,2,2,2,0,2,0,1,2,2,2,1,26024,4,4,2,0,0,0,2
11A191,9,40631,2,1,0,1,1,221,2,40,3,3,1,1,1,2,1,2,2,1,0,0,,0,0,0,0,0,0,,0,0,0,0,0,,3,4,,2,2,2,2,2,2,2,1,2,,2,0,2,1,1,,0,0,,0,0,0,0,0,0,0,0,0,0,,0,0,0,2,4,,30,2,0,,3,3,2,0,,2,2,2,2,1,2,2,0,1,1,1,2,2,2,2,5870,1,3,1,0,2,0,1
11B193,10,40016,1,1,0,2,26,221,2,53,3,3,7,1,2,2,2,2,2,2,0,0,,0,0,0,0,0,0,,0,0,0,0,0,,0,0,,0,0,0,0,0,0,0,0,0,,0,0,0,0,0,,0,0,,0,0,0,0,0,0,0,0,0,0,,0,0,0,0,0,,0,0,0,,0,0,0,5,,2,2,2,2,2,2,1,2,1,1,1,2,1,1,2,23608,4,4,2,0,0,0,2
11B193,10,40016,3,1,0,1,26,221,2,40,3,3,7,1,2,2,2,2,2,2,0,0,,0,0,0,0,0,0,,0,0,0,0,0,,0,0,,0,0,0,0,0,0,0,0,0,,0,0,0,0,0,,0,0,,0,0,0,0,0,0,0,0,0,0,,0,0,0,0,0,,0,0,0,,0,0,0,2,,2,2,2,2,2,2,2,0,2,0,1,2,2,1,2,6313,4,4,2,0,0,0,2
11B193,10,40016,2,1,0,4,26,221,2,27,4,4,1,1,1,1,2,2,2,1,2,4,,2,1,2,1,2,2,,2,0,2,1,1,,0,0,,0,0,0,0,0,0,0,0,0,,0,0,0,0,0,,0,0,,0,0,0,0,0,0,0,0,0,0,,0,0,0,2,4,,45,2,0,,2,3,2,0,,2,2,2,2,1,1,2,0,1,3,1,1,1,1,1,30667,1,2,1,2,0,0,1
12A192,10,40064,4,1,0,2,26,221,2,50,7,2,7,1,1,2,2,2,2,1,0,0,,0,0,0,0,0,0,,0,0,0,0,0,,0,0,,0,0,0,0,0,0,0,0,0,,0,0,0,0,0,,0,0,,0,0,0,0,0,0,0,0,0,0,,0,0,0,2,3,,20,2,0,,2,2,1,0,,2,2,2,2,1,1,1,2,1,1,1,1,1,1,1,20512,1,3,1,0,0,0,2
12A192,10,40064,3,1,0,4,26,221,1,26,7,1,1,1,1,1,2,2,2,1,2,2,,2,1,2,2,2,2,,2,0,2,1,1,,0,0,,0,0,0,0,0,0,0,0,0,,0,0,0,0,0,,0,0,,0,0,0,0,0,0,0,0,0,0,,0,0,0,1,2,,40,2,0,,4,3,1,0,,2,2,2,2,2,1,2,0,1,3,1,1,1,1,1,8449,1,2,1,2,0,0,1
12A192,10,40064,1,1,0,1,26,221,1,26,4,3,1,1,2,2,2,2,2,2,0,0,,0,0,0,0,0,0,,0,0,0,0,0,,0,0,,0,0,0,0,0,0,0,0,0,,0,0,0,0,0,,0,0,,0,0,0,0,0,0,0,0,0,0,,0,0,0,0,0,,0,0,0,,0,0,0,3,,2,2,2,2,2,2,2,0,2,0,1,1,1,1,1,8449,4,4,2,0,0,0,2
12A192,10,40064,2,1,0,3,26,221,1,25,4,3,1,1,2,2,2,1,2,2,0,0,,0,0,0,0,0,0,,0,0,0,0,0,,0,0,,0,0,0,0,0,0,0,0,0,,0,0,0,0,0,,5,3,,2,1,2,2,1,3,30,2,1,1,,0,0,0,0,0,,25,2,0,,3,3,2,0,,2,2,2,2,2,1,2,0,1,3,1,1,1,1,1,33795,3,3,1,0,0,2,1
12B193,10,40110,1,1,0,2,26,221,2,42,7,4,1,1,2,2,2,2,2,1,0,0,,0,0,0,0,0,0,,0,0,0,0,0,,0,0,,0,0,0,0,0,0,0,0,0,,0,0,0,0,0,,0,0,,0,0,0,0,0,0,0,0,0,0,,0,0,0,1,3,,20,2,0,,2,3,1,0,,2,2,2,2,1,1,1,2,1,3,1,1,1,1,1,12890,3,3,1,0,0,0,2
12B193,10,40110,4,1,0,1,26,221,2,76,5,2,7,1,1,2,1,2,2,2,0,0,,0,0,0,0,0,0,,0,0,0,0,0,,3,5,,2,2,2,2,1,2,2,2,2,,2,0,2,1,1,,0,0,,0,0,0,0,0,0,0,0,0,0,,0,0,0,0,0,,20,2,0,,1,2,1,0,,2,2,2,2,2,2,2,0,2,0,1,2,2,1,2,15327,1,3,1,0,2,0,1
12B193,10,40110,2,1,0,1,26,221,2,56,7,4,1,1,2,2,2,2,2,2,0,0,,0,0,0,0,0,0,,0,0,0,0,0,,0,0,,0,0,0,0,0,0,0,0,0,,0,0,0,0,0,,0,0,,0,0,0,0,0,0,0,0,0,0,,0,0,0,0,0,,0,0,0,,0,0,0,3,,2,2,2,2,2,1,2,0,1,1,1,2,1,1,1,6502,4,4,2,0,0,0,2
12B196,10,40120,4,1,0,5,26,221,2,22,4,3,4,1,1,2,2,2,2,1,0,0,,0,0,0,0,0,0,,0,0,0,0,0,,0,0,,0,0,0,0,0,0,0,0,0,,0,0,0,0,0,,0,0,,0,0,0,0,0,0,0,0,0,0,,0,0,0,1,3,,60,2,0,,2,3,1,0,,2,2,2,2,2,2,2,0,1,1,1,2,2,2,2,54832,1,3,1,0,0,0,2
12B196,10,40120,1,1,0,3,26,221,1,20,4,3,1,1,1,2,2,1,2,2,0,0,,0,0,0,0,0,0,,0,0,0,0,0,,0,0,,0,0,0,0,0,0,0,0,0,,0,0,0,0,0,,3,3,,2,1,2,2,1,3,15,2,1,1,,0,0,0,0,0,,15,2,0,,2,3,1,0,,2,2,2,2,2,1,1,1,1,1,1,1,1,1,1,47408,1,3,1,0,0,2,1
12B196,10,40120,2,1,0,1,26,221,1,26,6,3,1,1,2,2,1,1,2,1,0,0,,0,0,0,0,0,0,,0,0,0,0,0,,2,3,,2,1,2,2,2,2,2,2,2,,3,60,2,1,1,,7,3,,1,2,2,2,1,3,50,2,1,2,,0,0,0,1,4,,15,2,0,,3,4,1,0,,2,2,2,2,2,1,1,1,1,2,1,1,1,1,2,18330,3,3,1,0,2,2,1
12B196,10,40120,3,1,0,1,26,221,2,65,2,3,8,1,1,2,2,1,2,2,0,0,,0,0,0,0,0,0,,0,0,0,0,0,,0,0,,0,0,0,0,0,0,0,0,0,,0,0,0,0,0,,3,3,,2,2,1,2,1,3,15,2,1,1,,0,0,0,0,0,,20,2,0,,2,3,2,0,,2,2,2,2,2,2,2,0,2,0,1,2,1,1,2,28300,1,3,1,0,0,2,1
11B187,10,40153,2,1,0,5,26,221,1,19,3,3,1,1,2,2,2,2,2,2,0,0,,0,0,0,0,0,0,,0,0,0,0,0,,0,0,,0,0,0,0,0,0,0,0,0,,0,0,0,0,0,,0,0,,0,0,0,0,0,0,0,0,0,0,,0,0,0,0,0,,0,0,0,,0,0,0,3,,2,2,2,2,2,2,2,0,2,0,1,2,1,1,1,60049,4,4,2,0,0,0,2
11B187,10,40153,4,1,0,1,26,221,2,52,3,3,1,1,2,2,2,2,2,2,0,0,,0,0,0,0,0,0,,0,0,0,0,0,,0,0,,0,0,0,0,0,0,0,0,0,,0,0,0,0,0,,0,0,,0,0,0,0,0,0,0,0,0,0,,0,0,0,0,0,,0,0,0,,0,0,0,3,,2,2,2,2,2,1,2,0,1,1,1,1,1,1,1,13420,4,4,2,0,0,0,2
11B187,10,40153,3,1,0,1,26,221,2,90,3,3,8,1,2,2,2,2,2,2,0,0,,0,0,0,0,0,0,,0,0,0,0,0,,0,0,,0,0,0,0,0,0,0,0,0,,0,0,0,0,0,,0,0,,0,0,0,0,0,0,0,0,0,0,,0,0,0,0,0,,0,0,0,,0,0,0,5,,2,2,2,2,2,2,2,0,1,1,1,2,1,1,2,8534,4,4,2,0,0,0,2
12B187,10,40154,2,1,0,2,26,221,2,59,3,3,7,1,1,2,1,1,2,2,0,0,,0,0,0,0,0,0,,0,0,0,0,0,,3,5,,2,2,2,2,1,2,2,2,2,,2,0,2,1,1,,3,3,,1,2,2,1,1,2,0,2,1,1,,0,0,0,0,0,,30,2,0,,1,2,1,0,,2,2,2,2,2,1,1,1,1,2,1,2,1,1,1,30550,1,3,1,0,2,2,1
12B187,10,40154,3,1,1,1,26,221,1,30,3,3,1,1,2,2,2,2,2,1,0,0,,0,0,0,0,0,0,,0,0,0,0,0,,0,0,,0,0,0,0,0,0,0,0,0,,0,0,0,0,0,,0,0,,0,0,0,0,0,0,0,0,0,0,,0,0,0,2,1,,20,2,0,,3,3,2,0,,2,2,2,2,1,1,2,0,1,3,1,1,1,1,1,17491,3,3,1,0,0,0,2
12B187,10,40154,1,1,0,1,26,221,1,67,6,3,1,1,2,2,2,1,2,2,0,0,,0,0,0,0,0,0,,0,0,0,0,0,,0,0,,0,0,0,0,0,0,0,0,0,,0,0,0,0,0,,3,3,,2,1,2,2,1,3,15,2,1,1,,0,0,0,0,0,,25,2,0,,2,3,2,0,,2,2,2,2,2,2,2,0,2,0,1,1,2,1,2,9671,3,3,1,0,0,2,1
12B187,10,40154,4,1,0,1,26,221,2,35,7,5,1,1,2,2,2,2,2,1,0,0,,0,0,0,0,0,0,,0,0,0,0,0,,0,0,,0,0,0,0,0,0,0,0,0,,0,0,0,0,0,,0,0,,0,0,0,0,0,0,0,0,0,0,,0,0,0,2,1,,35,2,0,,3,3,2,0,,2,2,2,2,1,1,1,1,1,2,1,1,1,1,1,15142,3,3,1,0,0,0,2
12B194,10,40274,1,1,0,4,26,221,1,21,4,2,1,1,2,2,2,1,2,2,0,0,,0,0,0,0,0,0,,0,0,0,0,0,,0,0,,0,0,0,0,0,0,0,0,0,,0,0,0,0,0,,3,3,,2,1,2,2,1,3,15,2,1,1,,0,0,0,0,0,,25,2,0,,2,3,2,0,,2,2,2,2,1,1,1,2,1,2,1,1,1,1,1,49651,3,3,1,0,0,2,1
12B194,10,40274,4,1,0,1,26,221,2,32,4,3,7,1,2,2,2,2,2,2,0,0,,0,0,0,0,0,0,,0,0,0,0,0,,0,0,,0,0,0,0,0,0,0,0,0,,0,0,0,0,0,,0,0,,0,0,0,0,0,0,0,0,0,0,,0,0,0,0,0,,0,0,0,,0,0,0,3,,2,2,2,2,2,1,1,1,1,2,1,2,1,1,2,32289,4,4,2,0,0,0,2
12B194,10,40274,3,1,0,1,26,221,2,73,4,2,8,1,1,1,1,2,2,2,1,3,,2,2,2,1,2,2,,2,0,2,1,1,,2,4,,2,2,2,1,2,2,2,2,2,,2,0,2,1,1,,0,0,,0,0,0,0,0,0,0,0,0,0,,0,0,0,0,0,,20,2,0,,2,2,1,0,,2,2,2,2,2,1,2,0,1,1,1,1,1,1,2,9879,1,2,1,2,2,0,1
12B188,10,40279,4,1,0,2,26,221,2,40,4,3,2,1,1,1,2,2,2,2,1,4,,2,2,2,1,2,2,,2,0,2,1,2,,0,0,,0,0,0,0,0,0,0,0,0,,0,0,0,0,0,,0,0,,0,0,0,0,0,0,0,0,0,0,,0,0,0,0,0,,40,2,0,,1,3,1,0,,2,1,2,2,1,1,1,1,1,3,1,1,1,1,1,12213,1,1,1,2,0,0,1
12B188,10,40279,3,1,0,2,26,221,2,41,4,3,1,1,1,2,1,1,2,2,0,0,,0,0,0,0,0,0,,0,0,0,0,0,,1,4,,2,2,1,2,2,2,2,2,2,,2,0,2,1,1,,4,3,,2,2,1,1,1,3,30,2,1,1,,0,0,0,0,0,,20,2,0,,1,3,2,0,,2,2,2,2,2,2,2,0,1,1,1,1,1,1,1,18321,1,3,1,0,2,2,1
12B188,10,40279,2,1,0,1,26,221,1,48,7,5,1,1,2,2,2,2,2,2,0,0,,0,0,0,0,0,0,,0,0,0,0,0,,0,0,,0,0,0,0,0,0,0,0,0,,0,0,0,0,0,,0,0,,0,0,0,0,0,0,0,0,0,0,,0,0,0,0,0,,0,0,0,,0,0,0,2,,2,2,2,2,2,1,2,0,1,1,1,1,1,1,1,14148,4,4,2,0,0,0,2
12B188,10,40279,1,1,0,1,26,221,1,46,7,5,1,1,1,2,1,1,2,1,0,0,,0,0,0,0,0,0,,0,0,0,0,0,,2,4,,2,1,2,2,2,2,2,2,2,,3,100,2,1,1,,5,3,,1,1,1,1,1,3,25,2,1,2,,0,0,0,2,1,,30,2,0,,3,2,1,0,,1,2,2,2,1,1,2,0,1,2,1,1,1,1,1,7075,1,3,1,0,2,2,1
12B195,10,40305,1,1,0,3,26,221,2,18,3,3,7,1,2,2,2,1,2,2,0,0,,0,0,0,0,0,0,,0,0,0,0,0,,0,0,,0,0,0,0,0,0,0,0,0,,0,0,0,0,0,,3,3,,1,1,2,2,1,3,30,2,1,1,,0,0,0,0,0,,15,2,0,,2,2,2,0,,2,2,2,2,2,2,2,0,2,0,1,2,1,1,2,33452,3,3,1,0,0,2,1
12B195,10,40305,4,1,1,1,26,221,2,59,2,6,7,1,1,2,1,1,2,2,0,0,,0,0,0,0,0,0,,0,0,0,0,0,,3,4,,2,2,1,2,2,2,2,2,2,,2,0,2,1,1,,2,3,,2,2,1,1,1,3,10,2,1,1,,0,0,0,0,0,,20,2,0,,1,1,1,0,,2,2,2,2,2,2,2,0,2,0,1,2,2,1,1,32554,1,3,1,0,2,2,1
12B195,10,40305,2,1,0,2,26,221,1,32,3,3,1,1,2,2,2,2,2,2,0,0,,0,0,0,0,0,0,,0,0,0,0,0,,0,0,,0,0,0,0,0,0,0,0,0,,0,0,0,0,0,,0,0,,0,0,0,0,0,0,0,0,0,0,,0,0,0,0,0,,0,0,0,,0,0,0,3,,2,2,2,2,2,1,2,0,1,1,1,2,1,1,1,18638,4,4,2,0,0,0,2
12B195,10,40305,3,1,0,1,26,221,2,62,2,6,1,1,2,2,2,2,2,2,0,0,,0,0,0,0,0,0,,0,0,0,0,0,,0,0,,0,0,0,0,0,0,0,0,0,,0,0,0,0,0,,0,0,,0,0,0,0,0,0,0,0,0,0,,0,0,0,0,0,,0,0,0,,0,0,0,5,,2,2,2,2,2,2,2,0,2,0,1,2,1,1,2,8138,4,4,2,0,0,0,2
11B195,10,40343,4,1,0,1,26,221,1,40,3,3,1,1,1,2,1,1,2,1,0,0,,0,0,0,0,0,0,,0,0,0,0,0,,2,3,,2,2,2,2,2,1,2,2,2,,3,150,2,1,1,,4,3,,1,1,1,1,1,3,20,2,1,1,,0,0,0,2,1,,30,2,0,,2,3,1,0,,1,2,2,2,1,1,1,2,1,2,1,1,1,1,1,45143,1,3,1,0,2,2,1
11B195,10,40343,2,1,0,5,26,221,1,39,7,3,1,1,1,2,2,2,2,1,0,0,,0,0,0,0,0,0,,0,0,0,0,0,,0,0,,0,0,0,0,0,0,0,0,0,,0,0,0,0,0,,0,0,,0,0,0,0,0,0,0,0,0,0,,0,0,0,2,1,,20,2,0,,2,2,2,0,,2,2,2,2,2,1,2,0,1,1,1,2,1,1,2,22571,1,3,1,0,0,0,2
11B195,10,40343,3,1,0,1,26,221,1,41,3,3,1,1,1,2,2,2,2,2,0,0,,0,0,0,0,0,0,,0,0,0,0,0,,0,0,,0,0,0,0,0,0,0,0,0,,0,0,0,0,0,,0,0,,0,0,0,0,0,0,0,0,0,0,,0,0,0,0,0,,0,0,0,,0,0,0,3,,2,2,2,2,2,1,2,0,1,1,1,1,1,1,1,33856,2,4,2,0,0,0,2
11B195,10,40343,1,1,0,3,26,221,1,25,4,3,1,1,1,2,2,1,2,2,0,0,,0,0,0,0,0,0,,0,0,0,0,0,,0,0,,0,0,0,0,0,0,0,0,0,,0,0,0,0,0,,7,3,,2,1,2,2,1,1,0,1,2,1,,0,0,0,0,0,,10,2,0,,2,2,1,0,,2,2,2,2,1,1,1,2,1,2,1,1,1,1,1,35285,1,3,1,0,0,1,1
11A191,10,40382,3,1,0,1,26,221,2,33,8,4,1,1,1,2,2,2,2,1,0,0,,0,0,0,0,0,0,,0,0,0,0,0,,0,0,,0,0,0,0,0,0,0,0,0,,0,0,0,0,0,,0,0,,0,0,0,0,0,0,0,0,0,0,,0,0,0,2,1,,35,2,0,,3,3,1,0,,2,2,2,2,2,1,1,1,1,3,1,1,1,1,1,6467,1,3,1,0,0,0,2
11A191,10,40382,1,1,0,1,26,221,2,45,3,3,1,1,1,2,1,2,2,2,0,0,,0,0,0,0,0,0,,0,0,0,0,0,,3,5,,2,2,2,2,1,2,2,2,2,,2,0,2,1,1,,0,0,,0,0,0,0,0,0,0,0,0,0,,0,0,0,0,0,,30,2,0,,1,2,2,0,,2,2,2,2,2,1,2,0,1,2,1,2,1,1,1,18668,1,3,1,0,2,0,1
11A191,10,40382,2,1,0,2,26,221,2,31,3,3,1,1,2,2,2,1,2,2,0,0,,0,0,0,0,0,0,,0,0,0,0,0,,0,0,,0,0,0,0,0,0,0,0,0,,0,0,0,0,0,,1,4,,2,2,1,1,1,2,0,2,1,2,,0,0,0,0,0,,25,2,0,,2,3,2,0,,2,2,2,2,2,1,1,2,1,2,1,1,1,1,1,25868,3,3,1,0,0,2,1
11A191,10,40382,4,1,0,3,26,221,1,25,7,5,1,1,1,1,1,1,2,2,2,4,,1,1,2,2,2,2,,3,600,2,1,1,,3,3,,2,2,1,2,2,1,1,2,2,,3,300,2,1,1,,7,3,,1,1,1,2,1,3,35,2,1,1,,0,0,0,0,0,,35,2,0,,4,3,2,0,,1,2,2,2,1,1,2,0,1,3,1,1,1,1,1,38447,1,2,1,2,2,2,1
12A191,10,40412,1,1,0,1,26,221,1,62,0, ,1,1,2,2,2,2,2,2,0,0,,0,0,0,0,0,0,,0,0,0,0,0,,0,0,,0,0,0,0,0,0,0,0,0,,0,0,0,0,0,,0,0,,0,0,0,0,0,0,0,0,0,0,,0,0,0,0,0,,0,0,0,,0,0,0,3,,2,2,2,2,2,2,2,0,2,0,1,2,2,1,2,24963,4,4,2,0,0,0,2
12A191,10,40412,3,1,0,2,26,221,2,52,6,3,1,1,1,2,2,2,2,2,0,0,,0,0,0,0,0,0,,0,0,0,0,0,,0,0,,0,0,0,0,0,0,0,0,0,,0,0,0,0,0,,0,0,,0,0,0,0,0,0,0,0,0,0,,0,0,0,0,0,,0,0,0,,0,0,0,3,,2,2,2,1,2,2,2,0,2,0,1,1,1,1,1,31157,2,4,2,0,0,0,2
12A191,10,40412,4,1,0,2,26,221,2,44,8,4,1,1,1,1,2,2,2,1,2,1,,2,1,2,2,2,2,,1,0,1,2,1,,0,0,,0,0,0,0,0,0,0,0,0,,0,0,0,0,0,,0,0,,0,0,0,0,0,0,0,0,0,0,,0,0,0,1,1,,30,2,0,,3,3,1,0,,2,2,2,2,1,1,1,1,1,2,1,1,1,1,1,33329,1,2,1,1,0,0,1
13B193,11,40021,1,1,0,1,5,221,1,53,4,3,1,1,1,1,2,1,2,1,2,3,,2,2,1,2,2,2,,3,600,2,1,1,,0,0,,0,0,0,0,0,0,0,0,0,,0,0,0,0,0,,3,1,,1,1,1,1,1,1,0,1,2,1,,0,0,0,1,1,,60,2,0,,4,4,1,0,,1,2,2,1,1,1,1,2,1,1,1,1,1,1,1,29289,1,2,1,2,0,1,1
13B193,11,40021,2,1,0,1,5,221,1,58,7,1,1,1,1,2,2,1,2,2,0,0,,0,0,0,0,0,0,,0,0,0,0,0,,0,0,,0,0,0,0,0,0,0,0,0,,0,0,0,0,0,,2,4,,2,2,1,1,2,3,16,2,1,2,,0,0,0,0,0,,30,1,5,,1,4,2,0,,2,2,2,2,2,1,2,0,2,0,1,2,1,2,2,8417,1,3,1,0,0,2,1
13B193,11,40021,3,1,0,2,5,221,1,43,7,4,1,1,1,1,2,2,2,1,3,1,,2,1,2,2,2,2,,2,0,2,1,1,,0,0,,0,0,0,0,0,0,0,0,0,,0,0,0,0,0,,0,0,,0,0,0,0,0,0,0,0,0,0,,0,0,0,2,1,,40,2,0,,4,3,1,0,,2,2,2,2,1,1,1,2,1,2,1,1,1,1,1,28024,1,2,1,2,0,0,1
11B196,11,40033,4,1,0,2,5,221,2,42,3,3,1,1,2,1,1,1,2,2,1,5,,2,2,1,2,2,2,,2,0,2,1,1,,3,5,,2,2,2,2,1,2,2,2,2,,2,0,2,1,1,,1,4,,2,2,2,2,1,3,9,2,1,1,,0,0,0,0,0,,20,2,0,,4,4,1,0,,2,2,2,2,2,2,2,0,2,0,1,1,1,1,2,26081,3,2,1,2,2,2,1
11B196,11,40033,2,1,0,1,5,221,1,48,3,1,1,1,1,1,2,2,2,2,1,5,,2,2,1,2,2,2,,2,0,2,1,1,,0,0,,0,0,0,0,0,0,0,0,0,,0,0,0,0,0,,0,0,,0,0,0,0,0,0,0,0,0,0,,0,0,0,0,0,,30,2,0,,1,2,2,0,,2,2,2,2,2,2,2,0,2,0,1,2,2,2,2,37765,1,1,1,2,0,0,1
11B196,11,40033,3,1,0,2,5,221,2,44,2,6,1,1,1,2,2,1,2,2,0,0,,0,0,0,0,0,0,,0,0,0,0,0,,0,0,,0,0,0,0,0,0,0,0,0,,0,0,0,0,0,,1,4,,2,2,2,1,1,3,11,2,1,1,,0,0,0,0,0,,15,1,5,,2,4,2,0,,2,2,2,2,2,2,2,0,2,0,1,3,1,2,2,19561,1,3,1,0,0,2,1
11B196,11,40033,1,1,0,3,5,221,1,32,4,3,1,1,1,2,1,2,2,2,0,0,,0,0,0,0,0,0,,0,0,0,0,0,,3,4,,1,2,2,2,2,2,2,2,2,,2,0,2,1,1,,0,0,,0,0,0,0,0,0,0,0,0,0,,0,0,0,0,0,,30,2,0,,4,4,2,0,,2,2,2,2,2,2,2,0,2,0,1,2,1,1,1,37659,1,3,1,0,2,0,1
12B196,11,40082,1,1,0,2,5,221,1,59,4,3,1,1,1,1,2,2,2,1,1,3,,2,2,1,2,2,2,,3,210,2,1,1,,0,0,,0,0,0,0,0,0,0,0,0,,0,0,0,0,0,,0,0,,0,0,0,0,0,0,0,0,0,0,,0,0,0,1,3,,60,2,0,,3,2,1,0,,2,2,2,2,2,2,2,0,2,0,1,2,2,2,2,25635,1,2,1,2,0,0,1
12B196,11,40082,3,1,0,2,5,221,2,52,4,3,7,1,1,1,1,2,2,2,1,3,,2,2,2,2,1,2,,2,0,2,1,1,,1,5,,2,2,2,2,1,2,2,2,2,,2,0,2,1,1,,0,0,,0,0,0,0,0,0,0,0,0,0,,0,0,0,0,0,,20,2,0,,1,3,2,0,,2,2,2,2,2,1,2,0,1,1,1,2,2,2,2,31995,1,2,1,2,2,0,1
12B196,11,40082,4,1,0,2,5,221,2,57,4,3,7,1,1,2,1,1,2,1,0,0,,0,0,0,0,0,0,,0,0,0,0,0,,3,4,,2,2,2,2,2,2,2,1,2,,3,150,2,1,1,,5,3,,1,1,1,1,1,3,50,2,1,1,,0,0,0,3,4,,60,2,0,,3,3,2,0,,2,2,2,2,1,1,1,2,1,1,1,1,1,1,1,51792,1,3,1,0,2,2,1
12B196,11,40082,2,1,0,2,5,221,2,48,3,3,7,1,1,2,2,2,2,1,0,0,,0,0,0,0,0,0,,0,0,0,0,0,,0,0,,0,0,0,0,0,0,0,0,0,,0,0,0,0,0,,0,0,,0,0,0,0,0,0,0,0,0,0,,0,0,0,2,3,,30,2,0,,3,4,2,0,,2,2,2,2,2,2,2,0,2,0,1,2,1,1,2,39993,1,3,1,0,0,0,2
11B193,11,40120,3,1,0,1,5,221,1,30,3,3,1,1,1,1,1,2,2,2,5,4,,2,2,1,2,2,2,,3,400,2,1,1,,6,4,,2,2,2,1,2,2,2,2,2,,2,0,2,1,1,,0,0,,0,0,0,0,0,0,0,0,0,0,,0,0,0,0,0,,60,1,3,,4,4,2,0,,2,2,2,2,1,1,1,1,1,3,1,1,1,1,1,28000,1,2,1,2,2,0,1
11B193,11,40120,4,1,0,1,5,221,1,22,7,4,1,1,1,2,1,2,2,1,0,0,,0,0,0,0,0,0,,0,0,0,0,0,,30,1,,2,2,2,2,2,1,2,2,2,,2,0,2,1,1,,0,0,,0,0,0,0,0,0,0,0,0,0,,0,0,0,1,1,,240,1,3,,4,4,1,0,,1,2,2,2,1,1,1,1,1,5,1,1,1,1,1,14485,1,3,1,0,2,0,1
11B193,11,40120,2,1,0,1,5,221,1,43,2,6,1,1,1,1,2,2,2,2,3,2,,2,2,2,2,1,2,,2,0,2,1,1,,0,0,,0,0,0,0,0,0,0,0,0,,0,0,0,0,0,,0,0,,0,0,0,0,0,0,0,0,0,0,,0,0,0,0,0,,40,2,0,,2,3,2,0,,2,2,2,2,2,2,2,0,1,1,1,1,1,3,3,26866,1,1,1,2,0,0,1
11B193,11,40120,1,1,0,1,5,221,1,38,7,1,1,1,2,2,2,2,2,2,0,0,,0,0,0,0,0,0,,0,0,0,0,0,,0,0,,0,0,0,0,0,0,0,0,0,,0,0,0,0,0,,0,0,,0,0,0,0,0,0,0,0,0,0,,0,0,0,0,0,,0,0,0,,0,0,0,1,,2,2,2,2,2,1,2,0,1,1,1,1,1,1,1,26866,4,4,2,0,0,0,2
11A192,11,40182,1,1,0,2,5,221,1,30,3,3,7,1,2,2,1,1,2,2,0,0,,0,0,0,0,0,0,,0,0,0,0,0,,2,4,,2,2,1,2,2,2,2,1,2,,2,0,2,1,1,,3,3,,2,2,1,1,1,2,0,2,1,1,,0,0,0,0,0,,20,1,5,,2,2,2,0,,2,2,2,2,2,2,2,0,1,1,1,2,1,2,2,12148,3,3,1,0,2,2,1
11A192,11,40182,4,1,0,1,5,221,1,55,3,3,1,1,1,2,2,1,2,2,0,0,,0,0,0,0,0,0,,0,0,0,0,0,,0,0,,0,0,0,0,0,0,0,0,0,,0,0,0,0,0,,2,3,,2,1,2,2,1,2,0,2,1,2,,0,0,0,0,0,,60,2,0,,4,4,2,0,,2,2,2,2,2,1,1,2,2,0,1,2,1,2,2,5251,1,3,1,0,0,2,1
11A192,11,40182,3,1,0,1,5,221,1,27,4,3,1,1,1,1,2,2,1,2,6,3,,2,2,2,2,1,2,,2,0,2,1,1,,0,0,,0,0,0,0,0,0,0,0,0,,0,0,0,0,0,,0,0,,0,0,0,0,0,0,0,0,0,0,,5,2,1,0,0,,90,1,5,,3,4,2,0,,2,2,2,2,1,1,1,2,1,3,1,1,1,1,1,6074,1,2,1,2,0,0,1
11A192,11,40182,2,1,0,2,5,221,2,21,4,3,7,1,2,2,2,1,2,2,0,0,,0,0,0,0,0,0,,0,0,0,0,0,,0,0,,0,0,0,0,0,0,0,0,0,,0,0,0,0,0,,1,4,,2,2,2,2,1,3,7,2,1,1,,0,0,0,0,0,,10,2,0,,2,4,2,0,,2,2,2,2,2,2,2,0,2,0,1,1,1,1,1,14536,3,3,1,0,0,2,1
12B193,11,40207,1,1,0,1,5,221,1,63,2,6,1,1,1,2,2,1,2,2,0,0,,0,0,0,0,0,0,,0,0,0,0,0,,0,0,,0,0,0,0,0,0,0,0,0,,0,0,0,0,0,,5,3,,1,1,1,2,1,2,0,2,1,2,,0,0,0,0,0,,15,2,0,,1,3,2,0,,2,2,2,2,2,2,2,0,2,0,1,2,1,2,2,15219,1,3,1,0,0,2,1
12B193,11,40207,2,1,0,2,5,221,2,47,3,3,1,1,2,2,2,2,2,2,0,0,,0,0,0,0,0,0,,0,0,0,0,0,,0,0,,0,0,0,0,0,0,0,0,0,,0,0,0,0,0,,0,0,,0,0,0,0,0,0,0,0,0,0,,0,0,0,0,0,,0,0,0,,0,0,0,3,,2,2,2,2,1,1,2,0,1,1,1,1,1,1,1,28492,4,4,2,0,0,0,2
12B193,11,40207,3,1,0,1,5,221,1,51,7,4,1,1,1,1,2,1,2,2,1,3,,2,2,1,2,2,2,,3,155,2,1,1,,0,0,,0,0,0,0,0,0,0,0,0,,0,0,0,0,0,,7,3,,1,2,1,2,1,3,80,2,1,1,,0,0,0,0,0,,60,2,0,,2,2,2,0,,1,2,2,1,1,1,2,0,1,2,1,1,1,1,1,26481,1,2,1,2,0,2,1
12B193,11,40207,4,1,0,1,5,221,2,47,2,2,1,2,0,0,0,0,0,0,0,0,,0,0,0,0,0,0,,0,0,0,0,0,,0,0,,0,0,0,0,0,0,0,0,0,,0,0,0,0,0,,0,0,,0,0,0,0,0,0,0,0,0,0,,0,0,0,0,0,,0,0,0,,0,0,0,0,,0,0,0,0,0,0,0,0,0,0,0,0,0,0,0,7123,0,0,0,0,0,0,0
12B187,11,40218,4,1,0,2,5,221,2,46,2,6,7,1,2,2,2,2,2,2,0,0,,0,0,0,0,0,0,,0,0,0,0,0,,0,0,,0,0,0,0,0,0,0,0,0,,0,0,0,0,0,,0,0,,0,0,0,0,0,0,0,0,0,0,,0,0,0,0,0,,0,0,0,,0,0,0,2,,2,2,2,2,2,1,2,0,2,0,1,2,2,1,2,29095,4,4,2,0,0,0,2
12B187,11,40218,2,1,0,2,5,221,2,61,2,3,7,1,1,1,2,2,2,2,1,4,,2,2,1,2,2,2,,2,0,2,1,1,,0,0,,0,0,0,0,0,0,0,0,0,,0,0,0,0,0,,0,0,,0,0,0,0,0,0,0,0,0,0,,0,0,0,0,0,,20,2,0,,1,3,1,0,,2,2,2,2,2,2,2,0,2,0,1,2,2,2,2,15699,1,1,1,2,0,0,1
12B187,11,40218,3,1,0,4,5,221,1,21,0, ,4,2,0,0,0,0,0,0,0,0,,0,0,0,0,0,0,,0,0,0,0,0,,0,0,,0,0,0,0,0,0,0,0,0,,0,0,0,0,0,,0,0,,0,0,0,0,0,0,0,0,0,0,,0,0,0,0,0,,0,0,0,,0,0,0,0,,0,0,0,0,0,0,0,0,0,0,0,0,0,0,0,37196,0,0,0,0,0,0,0
12B187,11,40218,1,1,0,1,5,221,1,38,3,3,1,1,1,1,2,2,2,1,3,6,POR ESCUELA DE HIJOS,2,1,2,2,2,2,,2,0,2,1,1,,0,0,,0,0,0,0,0,0,0,0,0,,0,0,0,0,0,,0,0,,0,0,0,0,0,0,0,0,0,0,,0,0,0,2,3,,30,2,0,,2,2,2,0,,2,2,2,2,2,2,2,0,2,0,1,2,1,1,1,17248,1,2,1,2,0,0,1
13B187,11,40220,1,1,0,2,5,221,2,56,6,2,1,1,1,2,2,1,2,2,0,0,,0,0,0,0,0,0,,0,0,0,0,0,,0,0,,0,0,0,0,0,0,0,0,0,,0,0,0,0,0,,2,4,,2,2,1,1,1,2,0,2,1,2,,0,0,0,0,0,,20,1,3,,4,4,1,0,,2,2,2,2,2,1,1,1,1,1,1,1,1,1,1,27638,1,3,1,0,0,2,1
13B187,11,40220,3,1,0,2,5,221,2,32,8,2,1,1,1,1,1,2,2,1,5,1,,1,2,2,2,2,2,,2,0,1,1,1,,2,1,,2,2,2,2,2,1,2,2,2,,1,0,1,2,1,,0,0,,0,0,0,0,0,0,0,0,0,0,,0,0,0,2,1,,120,2,0,,4,4,1,0,,2,2,2,2,2,1,2,0,1,1,1,1,1,1,1,17744,1,2,1,3,1,0,1
13B187,11,40220,2,1,0,1,5,221,1,64,2,6,8,1,2,2,2,2,2,2,0,0,,0,0,0,0,0,0,,0,0,0,0,0,,0,0,,0,0,0,0,0,0,0,0,0,,0,0,0,0,0,,0,0,,0,0,0,0,0,0,0,0,0,0,,0,0,0,0,0,,0,0,0,,0,0,0,5,,2,2,2,2,2,2,2,0,1,1,1,1,1,1,1,9120,4,4,2,0,0,0,2
11B187,11,40221,1,1,0,1,5,221,2,43,3,3,1,1,2,2,2,2,2,2,0,0,,0,0,0,0,0,0,,0,0,0,0,0,,0,0,,0,0,0,0,0,0,0,0,0,,0,0,0,0,0,,0,0,,0,0,0,0,0,0,0,0,0,0,,0,0,0,0,0,,0,0,0,,0,0,0,3,,2,2,2,2,2,1,2,0,2,0,1,3,1,1,2,6149,4,4,2,0,0,0,2
11B187,11,40221,4,1,0,1,5,221,1,38,3,3,1,1,1,1,1,2,2,2,1,4,,2,2,2,2,1,2,,3,280,2,1,1,,1,4,,1,2,2,2,2,2,2,2,2,,2,0,2,1,1,,0,0,,0,0,0,0,0,0,0,0,0,0,,0,0,0,0,0,,30,2,0,,4,4,2,0,,2,2,2,2,2,2,2,0,2,0,1,2,1,1,1,20448,1,2,1,2,2,0,1
11B187,11,40221,3,1,0,4,5,221,2,23,99, ,1,1,2,2,2,1,2,2,0,0,,0,0,0,0,0,0,,0,0,0,0,0,,0,0,,0,0,0,0,0,0,0,0,0,,0,0,0,0,0,,2,3,,1,1,1,1,1,2,0,2,1,1,,0,0,0,0,0,,30,1,3,,2,3,1,0,,2,2,2,2,1,1,1,2,1,1,1,1,1,1,1,34001,3,3,1,0,0,2,1
11B187,11,40221,2,1,0,5,5,221,2,33,3,3,1,1,2,2,2,1,2,2,0,0,,0,0,0,0,0,0,,0,0,0,0,0,,0,0,,0,0,0,0,0,0,0,0,0,,0,0,0,0,0,,2,4,,2,2,1,2,1,2,0,2,1,4,,0,0,0,0,0,,20,2,0,,2,3,2,0,,2,2,2,2,2,2,2,0,1,1,1,1,1,3,3,29872,3,3,1,0,0,2,1
12A192,11,40225,1,1,0,2,5,221,2,67,5,1,7,1,1,2,2,2,2,2,0,0,,0,0,0,0,0,0,,0,0,0,0,0,,0,0,,0,0,0,0,0,0,0,0,0,,0,0,0,0,0,,0,0,,0,0,0,0,0,0,0,0,0,0,,0,0,0,0,0,,0,0,0,,0,0,0,5,,2,2,2,2,2,1,2,0,2,0,1,1,1,1,1,8955,2,4,2,0,0,0,2
12A192,11,40225,4,1,0,3,5,221,2,23,4,1,1,1,2,2,2,2,2,2,0,0,,0,0,0,0,0,0,,0,0,0,0,0,,0,0,,0,0,0,0,0,0,0,0,0,,0,0,0,0,0,,0,0,,0,0,0,0,0,0,0,0,0,0,,0,0,0,0,0,,0,0,0,,0,0,0,1,,2,2,2,2,2,2,2,0,2,0,1,1,1,1,1,31232,4,4,2,0,0,0,2
12A192,11,40225,2,1,0,2,5,221,2,56,4,3,7,1,1,1,2,2,2,1,2,4,,2,2,1,1,2,2,,3,500,2,1,1,,0,0,,0,0,0,0,0,0,0,0,0,,0,0,0,0,0,,0,0,,0,0,0,0,0,0,0,0,0,0,,0,0,0,5,3,,60,2,0,,3,3,2,0,,2,2,2,2,1,1,1,2,1,4,1,1,1,1,1,22794,1,2,1,2,0,0,1
12A192,11,40225,3,1,0,1,5,221,1,33,7,4,1,1,2,2,2,2,2,2,0,0,,0,0,0,0,0,0,,0,0,0,0,0,,0,0,,0,0,0,0,0,0,0,0,0,,0,0,0,0,0,,0,0,,0,0,0,0,0,0,0,0,0,0,,0,0,0,0,0,,0,0,0,,0,0,0,5,,2,2,2,2,1,1,1,2,1,1,1,2,2,2,2,17401,4,4,2,0,0,0,2
13B194,11,40304,1,1,0,1,5,221,1,41,7,4,1,1,1,2,1,1,1,1,0,0,,0,0,0,0,0,0,,0,0,0,0,0,,3,1,,2,2,2,2,2,1,2,2,2,,1,0,1,2,1,,7,3,,1,1,1,1,1,1,0,1,2,1,,2,2,1,1,1,,45,1,3,,4,4,1,0,,1,2,2,2,1,1,1,2,1,4,1,2,1,2,1,17592,1,3,1,0,1,1,1
13B194,11,40304,4,1,0,2,5,221,2,39,8,2,1,1,2,2,2,1,2,1,0,0,,0,0,0,0,0,0,,0,0,0,0,0,,0,0,,0,0,0,0,0,0,0,0,0,,0,0,0,0,0,,3,3,,1,2,1,2,1,1,0,1,2,1,,0,0,0,2,3,,40,1,4,,3,4,2,0,,2,2,2,1,2,2,2,0,1,5,1,2,1,2,2,15872,3,3,1,0,0,1,1
13B194,11,40304,3,1,1,1,5,221,1,36,8,3,1,1,1,1,1,2,2,1,3,1,,2,1,2,2,2,2,,3,450,2,1,1,,5,1,,2,2,2,1,2,2,2,2,2,,3,500,2,1,1,,0,0,,0,0,0,0,0,0,0,0,0,0,,0,0,0,1,1,,60,2,0,,4,4,2,0,,2,2,2,2,1,1,1,1,1,3,1,1,1,1,1,17592,1,2,1,2,2,0,1
13B188,11,40353,4,1,0,2,5,221,2,34,7,4,1,1,1,1,2,1,2,2,1,1,,2,2,1,2,2,2,,3,300,2,1,1,,0,0,,0,0,0,0,0,0,0,0,0,,0,0,0,0,0,,1,3,,2,2,1,1,2,2,0,2,1,1,,0,0,0,0,0,,20,2,0,,2,3,2,0,,2,2,2,2,2,1,1,2,1,2,1,1,2,1,1,14834,1,2,1,2,0,2,1
13B188,11,40353,3,1,0,1,5,221,1,59,7,4,1,1,1,1,1,1,2,1,3,1,,1,1,2,2,2,2,,1,0,1,2,1,,3,1,,2,2,1,2,2,1,2,2,2,,2,0,2,1,1,,5,3,,1,1,2,2,1,3,55,2,1,1,,0,0,0,2,1,,120,2,0,,4,4,1,0,,2,2,2,2,1,1,1,2,1,2,1,1,1,3,2,15249,1,2,1,1,2,2,1
13B188,11,40353,2,1,1,1,5,221,1,27,7,5,1,1,1,1,1,1,1,1,7,1,,2,2,2,1,2,2,,3,2600,2,1,1,,6,4,,2,2,2,2,2,2,1,2,2,,2,0,2,1,1,,4,4,,2,2,1,1,1,1,0,1,2,1,,2,1,2,2,3,,120,2,0,,3,3,1,0,,1,2,1,1,2,1,2,0,1,2,1,1,1,1,1,8819,1,2,1,2,2,1,1
12B194,11,40390,2,1,0,1,5,221,2,60,2,6,7,1,2,2,2,2,2,2,0,0,,0,0,0,0,0,0,,0,0,0,0,0,,0,0,,0,0,0,0,0,0,0,0,0,,0,0,0,0,0,,0,0,,0,0,0,0,0,0,0,0,0,0,,0,0,0,0,0,,0,0,0,,0,0,0,3,,2,2,2,2,2,2,2,0,2,0,1,2,2,2,2,22523,4,4,2,0,0,0,2
12B194,11,40390,3,1,0,1,5,221,1,42,3,3,1,1,2,2,2,2,2,2,0,0,,0,0,0,0,0,0,,0,0,0,0,0,,0,0,,0,0,0,0,0,0,0,0,0,,0,0,0,0,0,,0,0,,0,0,0,0,0,0,0,0,0,0,,0,0,0,0,0,,0,0,0,,0,0,0,3,,2,2,2,2,2,2,2,0,2,0,1,2,1,1,2,16497,4,4,2,0,0,0,2
12B194,11,40390,4,1,0,2,5,221,2,54,3,3,7,1,1,2,2,2,2,2,0,0,,0,0,0,0,0,0,,0,0,0,0,0,,0,0,,0,0,0,0,0,0,0,0,0,,0,0,0,0,0,,0,0,,0,0,0,0,0,0,0,0,0,0,,0,0,0,0,0,,0,0,0,,0,0,0,2,,2,2,2,2,2,2,2,0,1,1,1,2,2,2,2,27827,2,4,2,0,0,0,2
12B194,11,40390,1,1,0,3,5,221,2,29,7,4,1,1,1,1,1,1,2,1,2,4,,2,2,2,2,1,2,,2,0,2,1,1,,3,4,,2,2,2,1,2,2,1,2,2,,2,0,2,1,1,,3,4,,1,1,1,1,1,1,0,1,2,1,,0,0,0,2,3,,20,1,6,,2,2,2,0,,2,2,2,2,2,2,2,0,1,1,1,2,1,1,1,36149,1,2,1,2,2,1,1
12B188,11,40403,4,1,0,3,5,221,2,20,7,1,4,1,1,1,1,2,2,1,8,2,,2,1,2,1,2,2,,1,0,1,2,1,,3,2,,2,2,2,2,2,1,1,2,2,,1,0,1,2,1,,0,0,,0,0,0,0,0,0,0,0,0,0,,0,0,0,3,4,,40,2,0,,2,4,2,0,,2,2,2,2,1,1,1,2,1,1,1,1,1,1,1,54710,1,2,1,1,1,0,1
12B188,11,40403,1,1,0,2,5,221,2,26,3,3,7,1,2,2,2,2,2,1,0,0,,0,0,0,0,0,0,,0,0,0,0,0,,0,0,,0,0,0,0,0,0,0,0,0,,0,0,0,0,0,,0,0,,0,0,0,0,0,0,0,0,0,0,,0,0,0,2,4,,20,2,0,,3,3,2,0,,2,2,2,2,2,2,2,0,2,0,1,1,1,1,1,15382,3,3,1,0,0,0,2
12B188,11,40403,2,1,0,1,5,221,1,41,3,3,1,1,1,2,2,1,2,2,0,0,,0,0,0,0,0,0,,0,0,0,0,0,,0,0,,0,0,0,0,0,0,0,0,0,,0,0,0,0,0,,3,3,,2,1,1,1,1,3,30,2,1,1,,0,0,0,0,0,,20,2,0,,2,3,2,0,,2,2,2,2,2,2,2,0,2,0,1,2,1,2,2,17549,1,3,1,0,0,2,1
12B195,11,40436,2,1,0,2,5,221,2,51,7,4,7,1,2,1,2,2,2,1,1,3,,2,2,2,1,2,2,,3,200,2,1,1,,0,0,,0,0,0,0,0,0,0,0,0,,0,0,0,0,0,,0,0,,0,0,0,0,0,0,0,0,0,0,,0,0,0,1,3,,60,2,0,,3,4,2,0,,2,2,2,2,2,1,1,2,1,3,1,2,1,1,1,36361,3,2,1,2,0,0,1
12B195,11,40436,3,1,0,2,5,221,2,32,7,4,1,1,1,1,2,1,2,2,2,4,,2,2,2,1,2,2,,1,0,1,2,1,,0,0,,0,0,0,0,0,0,0,0,0,,0,0,0,0,0,,2,3,,2,2,1,2,1,3,20,2,1,1,,0,0,0,0,0,,30,2,0,,4,4,2,0,,2,2,2,2,2,2,2,0,2,0,1,2,1,2,2,15115,1,2,1,1,0,2,1
12B195,11,40436,1,1,0,1,5,221,2,70,2,6,7,1,1,2,1,1,2,2,0,0,,0,0,0,0,0,0,,0,0,0,0,0,,3,4,,2,2,2,2,2,2,2,1,2,,2,0,2,1,1,,5,3,,1,1,1,1,1,3,70,2,1,1,,0,0,0,0,0,,15,2,0,,2,2,2,0,,2,2,2,2,2,1,2,0,1,4,1,2,2,2,2,9250,1,3,1,0,2,2,1
12B195,11,40438,1,1,0,2,5,221,2,33,3,3,4,1,2,2,2,2,2,2,0,0,,0,0,0,0,0,0,,0,0,0,0,0,,0,0,,0,0,0,0,0,0,0,0,0,,0,0,0,0,0,,0,0,,0,0,0,0,0,0,0,0,0,0,,0,0,0,0,0,,0,0,0,,0,0,0,3,,2,2,2,2,1,1,1,2,1,1,1,2,1,1,1,21870,4,4,2,0,0,0,2
12B195,11,40438,4,1,0,1,5,221,1,46,3,3,1,1,1,2,2,1,2,2,0,0,,0,0,0,0,0,0,,0,0,0,0,0,,0,0,,0,0,0,0,0,0,0,0,0,,0,0,0,0,0,,3,3,,2,2,1,1,1,3,36,2,1,1,,0,0,0,0,0,,30,2,0,,2,4,2,0,,2,2,2,2,2,2,2,0,1,1,1,2,2,2,2,17385,1,3,1,0,0,2,1
12B195,11,40438,3,1,0,1,5,221,1,40,3,3,1,1,1,2,1,1,1,1,0,0,,0,0,0,0,0,0,,0,0,0,0,0,,3,4,,1,1,2,1,2,2,2,2,2,,2,0,2,1,1,,1,3,,1,1,1,1,1,3,12,2,1,1,,2,2,1,1,3,,45,2,0,,4,4,2,0,,2,2,2,2,2,1,1,1,1,1,1,2,1,1,1,24951,1,3,1,0,2,2,1
12B195,11,40438,2,1,0,3,5,221,1,21,7,3,1,1,2,1,2,2,2,2,2,2,,1,2,2,2,2,2,,2,0,1,2,1,,0,0,,0,0,0,0,0,0,0,0,0,,0,0,0,0,0,,0,0,,0,0,0,0,0,0,0,0,0,0,,0,0,0,0,0,,20,1,1,,2,3,2,0,,2,2,2,2,2,2,1,2,1,2,1,1,2,2,2,35872,3,1,1,1,0,0,1
11A191,11,40450,4,1,0,2,5,221,1,28,3,1,1,1,1,2,2,1,2,2,0,0,,0,0,0,0,0,0,,0,0,0,0,0,,0,0,,0,0,0,0,0,0,0,0,0,,0,0,0,0,0,,5,3,,2,1,1,2,1,2,0,2,1,2,,0,0,0,0,0,,20,1,3,,2,2,2,0,,2,2,2,2,1,1,2,0,1,1,1,1,1,1,1,25386,1,3,1,0,0,2,1
11A191,11,40450,3,1,0,1,5,221,1,46,2,6,1,1,2,2,2,2,2,2,0,0,,0,0,0,0,0,0,,0,0,0,0,0,,0,0,,0,0,0,0,0,0,0,0,0,,0,0,0,0,0,,0,0,,0,0,0,0,0,0,0,0,0,0,,0,0,0,0,0,,0,0,0,,0,0,0,5,,2,2,2,2,1,1,2,0,2,0,1,1,1,2,2,25458,4,4,2,0,0,0,2
11A191,11,40450,1,1,1,1,5,221,1,73,2,6,8,1,1,2,2,2,2,2,0,0,,0,0,0,0,0,0,,0,0,0,0,0,,0,0,,0,0,0,0,0,0,0,0,0,,0,0,0,0,0,,0,0,,0,0,0,0,0,0,0,0,0,0,,0,0,0,0,0,,0,0,0,,0,0,0,2,,2,2,2,2,2,2,2,0,2,0,1,2,2,2,2,18716,2,4,2,0,0,0,2
11B195,11,40483,4,1,0,2,5,221,2,45,3,3,1,1,2,2,2,2,2,2,0,0,,0,0,0,0,0,0,,0,0,0,0,0,,0,0,,0,0,0,0,0,0,0,0,0,,0,0,0,0,0,,0,0,,0,0,0,0,0,0,0,0,0,0,,0,0,0,0,0,,0,0,0,,0,0,0,3,,2,2,2,2,1,1,1,2,1,1,1,2,1,1,1,26630,4,4,2,0,0,0,2
11B195,11,40483,2,1,0,1,5,221,1,80,3,2,10,1,2,2,2,2,2,2,0,0,,0,0,0,0,0,0,,0,0,0,0,0,,0,0,,0,0,0,0,0,0,0,0,0,,0,0,0,0,0,,0,0,,0,0,0,0,0,0,0,0,0,0,,0,0,0,0,0,,0,0,0,,0,0,0,5,,2,2,2,2,2,2,2,0,2,0,1,2,2,2,2,9098,4,4,2,0,0,0,2
11B195,11,40483,1,1,0,3,5,221,2,35,3,3,4,1,2,2,2,2,2,2,0,0,,0,0,0,0,0,0,,0,0,0,0,0,,0,0,,0,0,0,0,0,0,0,0,0,,0,0,0,0,0,,0,0,,0,0,0,0,0,0,0,0,0,0,,0,0,0,0,0,,0,0,0,,0,0,0,2,,2,2,2,2,1,1,1,1,1,1,1,1,1,1,1,28487,4,4,2,0,0,0,2
12A191,11,40539,4,1,0,2,5,221,2,32,7,4,1,1,1,2,2,1,2,1,0,0,,0,0,0,0,0,0,,0,0,0,0,0,,0,0,,0,0,0,0,0,0,0,0,0,,0,0,0,0,0,,7,3,,1,2,1,2,1,1,0,1,2,1,,0,0,0,2,1,,180,1,6,,3,3,2,0,,2,2,2,2,1,1,1,2,1,2,1,1,1,1,1,19831,1,3,1,0,0,1,1
12A191,11,40539,3,1,0,2,5,221,2,49,3,3,4,1,1,1,2,1,2,2,2,6,AYUDAR A SU HIJA EN LA ESCUELA O TAREAS,2,1,2,2,2,2,,2,0,2,1,1,,0,0,,0,0,0,0,0,0,0,0,0,,0,0,0,0,0,,5,3,,1,1,1,1,1,2,0,2,1,1,,0,0,0,0,0,,20,2,0,,2,3,2,0,,2,2,2,2,2,1,2,0,1,1,1,2,1,1,2,19083,1,2,1,2,0,2,1
12A191,11,40539,2,1,0,3,5,221,1,28,7,4,1,1,2,2,2,2,2,2,0,0,,0,0,0,0,0,0,,0,0,0,0,0,,0,0,,0,0,0,0,0,0,0,0,0,,0,0,0,0,0,,0,0,,0,0,0,0,0,0,0,0,0,0,,0,0,0,0,0,,0,0,0,,0,0,0,3,,2,2,2,2,1,1,1,2,1,2,1,1,1,1,1,31440,4,4,2,0,0,0,2
12A191,11,40539,1,1,0,1,5,221,1,62,7,3,8,1,1,2,2,2,2,1,0,0,,0,0,0,0,0,0,,0,0,0,0,0,,0,0,,0,0,0,0,0,0,0,0,0,,0,0,0,0,0,,0,0,,0,0,0,0,0,0,0,0,0,0,,0,0,0,1,3,,60,2,0,,3,4,2,0,,2,2,2,2,2,1,2,0,1,1,1,2,2,1,2,13591,1,3,1,0,0,0,2
12A191,11,40590,2,1,0,1,5,221,2,41,3,3,1,1,1,2,1,1,2,2,0,0,,0,0,0,0,0,0,,0,0,0,0,0,,3,4,,2,2,2,2,2,2,2,1,2,,2,0,2,1,1,,5,3,,2,2,1,1,1,3,55,2,1,1,,0,0,0,0,0,,30,2,0,,3,4,2,0,,2,2,2,2,2,1,2,0,1,1,1,1,1,1,1,26609,1,3,1,0,2,2,1
12A191,11,40590,1,1,0,1,5,221,1,54,3,1,1,1,2,2,2,1,2,2,0,0,,0,0,0,0,0,0,,0,0,0,0,0,,0,0,,0,0,0,0,0,0,0,0,0,,0,0,0,0,0,,2,3,,2,1,2,1,1,2,0,2,1,1,,0,0,0,0,0,,30,2,0,,4,4,2,0,,2,2,2,2,2,2,2,0,2,0,1,1,1,1,1,10274,3,3,1,0,0,2,1
12A191,11,40590,3,1,0,1,5,221,1,33,3,3,1,1,2,2,2,1,1,2,0,0,,0,0,0,0,0,0,,0,0,0,0,0,,0,0,,0,0,0,0,0,0,0,0,0,,0,0,0,0,0,,2,3,,1,1,1,1,1,3,22,2,1,1,,2,2,1,0,0,,40,2,0,,3,3,2,0,,2,2,2,2,2,1,2,0,2,0,1,1,1,1,1,20491,3,3,1,0,0,2,1
12A191,11,40590,4,1,0,2,5,221,2,46,3,3,1,1,2,2,2,1,2,2,0,0,,0,0,0,0,0,0,,0,0,0,0,0,,0,0,,0,0,0,0,0,0,0,0,0,,0,0,0,0,0,,1,3,,2,2,2,2,1,2,0,2,1,1,,0,0,0,0,0,,20,2,0,,2,3,2,0,,2,2,2,2,2,1,2,0,1,2,1,1,1,1,1,16583,3,3,1,0,0,2,1
12B193,12,40014,2,1,0,2,13,221,2,30,7,5,7,1,2,2,1,2,2,2,0,0,,0,0,0,0,0,0,,0,0,0,0,0,,3,4,,2,2,2,2,2,2,2,1,2,,3,100,2,1,1,,0,0,,0,0,0,0,0,0,0,0,0,0,,0,0,0,0,0,,30,2,0,,3,4,2,0,,2,2,2,2,2,1,1,2,1,1,1,2,1,1,1,14022,3,3,1,0,2,0,1
12B193,12,40014,4,1,0,1,13,221,2,82,2,2,1,1,2,2,2,2,2,2,0,0,,0,0,0,0,0,0,,0,0,0,0,0,,0,0,,0,0,0,0,0,0,0,0,0,,0,0,0,0,0,,0,0,,0,0,0,0,0,0,0,0,0,0,,0,0,0,0,0,,0,0,0,,0,0,0,5,,2,2,2,2,2,2,2,0,2,0,1,2,2,1,2,17161,4,4,2,0,0,0,2
12B193,12,40014,3,1,0,2,13,221,2,24,7,4,1,1,1,1,2,2,2,1,6,1,,1,1,2,2,2,2,,2,0,2,1,1,,0,0,,0,0,0,0,0,0,0,0,0,,0,0,0,0,0,,0,0,,0,0,0,0,0,0,0,0,0,0,,0,0,0,2,1,,30,2,0,,3,3,1,0,,2,2,2,2,1,1,1,2,1,2,1,2,1,1,2,19950,1,2,1,2,0,0,1
13B193,12,40046,4,1,0,1,13,221,1,22,2,6,1,1,2,2,2,1,2,2,0,0,,0,0,0,0,0,0,,0,0,0,0,0,,0,0,,0,0,0,0,0,0,0,0,0,,0,0,0,0,0,,2,4,,2,1,1,2,1,2,0,2,1,2,,0,0,0,0,0,,20,2,0,,2,4,2,0,,2,2,2,2,2,1,1,2,2,0,1,1,1,1,2,15928,3,3,1,0,0,2,1
13B193,12,40046,1,1,0,2,13,221,2,30,4,3,1,1,2,2,1,2,2,2,0,0,,0,0,0,0,0,0,,0,0,0,0,0,,6,4,,2,2,2,1,2,2,2,1,2,,3,200,2,1,1,,0,0,,0,0,0,0,0,0,0,0,0,0,,0,0,0,0,0,,50,2,0,,4,4,2,0,,1,2,2,2,2,1,1,1,2,0,1,1,1,1,2,25896,3,3,1,0,2,0,1
13B193,12,40046,2,1,0,1,13,221,1,30,4,3,1,1,2,2,1,1,2,2,0,0,,0,0,0,0,0,0,,0,0,0,0,0,,1,4,,2,2,1,2,2,2,2,2,2,,2,0,2,1,1,,3,4,,2,1,2,2,1,3,20,2,1,1,,0,0,0,0,0,,20,2,0,,4,4,2,0,,2,2,2,2,2,1,1,2,2,0,1,2,1,1,2,46188,3,3,1,0,2,2,1
12B196,12,40122,3,1,0,1,13,221,2,58,8,2,1,1,1,1,2,2,2,2,3,1,,2,2,2,1,1,2,,2,0,2,1,1,,0,0,,0,0,0,0,0,0,0,0,0,,0,0,0,0,0,,0,0,,0,0,0,0,0,0,0,0,0,0,,0,0,0,0,0,,30,2,0,,3,3,2,0,,2,2,2,2,2,1,2,0,2,0,1,2,1,1,2,4554,1,1,1,2,0,0,1
12B196,12,40122,2,1,0,1,13,221,1,60,7,5,1,1,1,1,2,1,2,1,2,3,,2,2,2,1,2,2,,3,300,2,1,1,,0,0,,0,0,0,0,0,0,0,0,0,,0,0,0,0,0,,2,4,,1,1,2,2,1,3,35,2,1,1,,0,0,0,2,4,,45,2,0,,4,4,2,0,,1,2,2,2,1,1,1,1,2,0,1,1,1,1,1,9016,1,2,1,2,0,2,1
12B196,12,40122,1,1,0,1,13,221,2,76,6,3,8,1,1,2,2,2,2,1,0,0,,0,0,0,0,0,0,,0,0,0,0,0,,0,0,,0,0,0,0,0,0,0,0,0,,0,0,0,0,0,,0,0,,0,0,0,0,0,0,0,0,0,0,,0,0,0,3,3,,60,2,0,,3,3,2,0,,2,2,2,2,2,2,2,0,2,0,1,2,2,1,2,5368,1,3,1,0,0,0,2
12B196,12,40122,4,1,0,1,13,221,1,56,7,5,1,1,1,1,2,1,2,2,2,4,,2,2,2,1,1,2,,3,400,2,1,1,,0,0,,0,0,0,0,0,0,0,0,0,,0,0,0,0,0,,5,4,,1,1,2,2,1,3,45,2,1,1,,0,0,0,0,0,,35,2,0,,4,4,2,0,,1,2,2,2,2,1,1,1,1,2,1,1,1,1,2,22540,1,2,1,2,0,2,1
12A192,12,40127,4,1,0,1,13,221,2,63,2,6,7,1,2,2,2,2,2,2,0,0,,0,0,0,0,0,0,,0,0,0,0,0,,0,0,,0,0,0,0,0,0,0,0,0,,0,0,0,0,0,,0,0,,0,0,0,0,0,0,0,0,0,0,,0,0,0,0,0,,0,0,0,,0,0,0,1,,2,2,2,2,2,2,2,0,2,0,1,2,2,2,2,12535,4,4,2,0,0,0,2
12A192,12,40127,2,1,0,2,13,221,2,28,4,3,1,1,2,2,2,2,2,2,0,0,,0,0,0,0,0,0,,0,0,0,0,0,,0,0,,0,0,0,0,0,0,0,0,0,,0,0,0,0,0,,0,0,,0,0,0,0,0,0,0,0,0,0,,0,0,0,0,0,,0,0,0,,0,0,0,3,,2,2,2,2,2,1,2,0,2,0,1,2,1,2,2,6035,4,4,2,0,0,0,2
12A192,12,40127,3,1,0,3,13,221,1,20,2,6,1,1,2,2,2,2,2,2,0,0,,0,0,0,0,0,0,,0,0,0,0,0,,0,0,,0,0,0,0,0,0,0,0,0,,0,0,0,0,0,,0,0,,0,0,0,0,0,0,0,0,0,0,,0,0,0,0,0,,0,0,0,,0,0,0,2,,2,2,2,2,2,2,2,0,2,0,1,2,2,2,2,22274,4,4,2,0,0,0,2
12A192,12,40127,1,1,0,1,13,221,1,52,3,3,1,1,2,2,2,2,2,2,0,0,,0,0,0,0,0,0,,0,0,0,0,0,,0,0,,0,0,0,0,0,0,0,0,0,,0,0,0,0,0,,0,0,,0,0,0,0,0,0,0,0,0,0,,0,0,0,0,0,,0,0,0,,0,0,0,1,,2,2,2,2,2,2,2,0,2,0,1,2,1,2,2,7197,4,4,2,0,0,0,2
12B187,12,40150,4,1,0,1,13,221,2,57,7,5,1,1,1,1,2,2,2,2,1,4,,2,2,2,2,1,2,,2,0,2,1,1,,0,0,,0,0,0,0,0,0,0,0,0,,0,0,0,0,0,,0,0,,0,0,0,0,0,0,0,0,0,0,,0,0,0,0,0,,40,2,0,,3,3,2,0,,2,2,2,2,2,1,2,0,2,0,1,2,1,1,2,10202,1,1,1,2,0,0,1
12B187,12,40150,2,1,0,2,13,221,2,31,7,5,1,1,2,2,1,2,2,2,0,0,,0,0,0,0,0,0,,0,0,0,0,0,,2,4,,2,2,2,2,2,2,2,1,2,,3,50,2,1,1,,0,0,,0,0,0,0,0,0,0,0,0,0,,0,0,0,0,0,,45,2,0,,4,3,2,0,,1,2,2,2,1,1,1,2,2,0,1,1,1,2,2,9824,3,3,1,0,2,0,1
12B187,12,40150,3,1,0,2,13,221,2,60,2,6,1,1,2,2,2,2,2,2,0,0,,0,0,0,0,0,0,,0,0,0,0,0,,0,0,,0,0,0,0,0,0,0,0,0,,0,0,0,0,0,,0,0,,0,0,0,0,0,0,0,0,0,0,,0,0,0,0,0,,0,0,0,,0,0,0,1,,2,2,2,2,2,2,2,0,2,0,1,2,1,2,2,15302,4,4,2,0,0,0,2
12B187,12,40150,1,1,0,1,13,221,2,38,7,5,1,1,1,1,2,2,2,2,2,4,,2,2,2,1,2,2,,3,350,2,1,1,,0,0,,0,0,0,0,0,0,0,0,0,,0,0,0,0,0,,0,0,,0,0,0,0,0,0,0,0,0,0,,0,0,0,0,0,,30,2,0,,3,4,2,0,,1,2,2,2,2,1,1,2,2,0,1,1,1,1,2,10112,1,1,1,2,0,0,1
13B187,12,40154,1,1,0,1,13,221,1,59,4,3,1,1,2,2,2,1,2,2,0,0,,0,0,0,0,0,0,,0,0,0,0,0,,0,0,,0,0,0,0,0,0,0,0,0,,0,0,0,0,0,,2,4,,1,2,2,2,1,2,0,2,1,2,,0,0,0,0,0,,20,2,0,,4,4,2,0,,2,2,2,2,2,2,2,0,2,0,1,2,1,1,2,18128,3,3,1,0,0,2,1
13B187,12,40154,3,1,0,1,13,221,2,61,3,3,7,1,2,2,2,2,2,2,0,0,,0,0,0,0,0,0,,0,0,0,0,0,,0,0,,0,0,0,0,0,0,0,0,0,,0,0,0,0,0,,0,0,,0,0,0,0,0,0,0,0,0,0,,0,0,0,0,0,,0,0,0,,0,0,0,5,,2,2,2,2,2,1,2,0,2,0,1,1,1,1,1,18312,4,4,2,0,0,0,2
13B187,12,40154,4,1,0,2,13,221,1,50,7,4,1,1,1,1,2,1,2,2,1,4,,2,2,2,2,1,2,,2,0,2,1,1,,0,0,,0,0,0,0,0,0,0,0,0,,0,0,0,0,0,,3,4,,1,1,1,2,1,3,25,2,1,1,,0,0,0,0,0,,30,2,0,,4,3,2,0,,1,2,2,2,2,1,1,1,1,1,1,1,1,1,1,10513,1,2,1,2,0,2,1
13B187,12,40154,2,1,0,1,13,221,2,57,4,3,1,1,1,1,1,2,2,2,1,4,,2,2,1,2,2,2,,2,0,2,1,1,,2,4,,2,2,2,1,2,2,2,1,2,,3,80,2,1,1,,0,0,,0,0,0,0,0,0,0,0,0,0,,0,0,0,0,0,,40,2,0,,4,3,2,0,,1,2,2,2,2,1,1,2,1,1,1,1,1,1,1,9156,1,2,1,2,2,0,1
11B194,12,40240,4,1,0,2,13,221,2,49,2,6,1,1,2,2,2,2,2,2,0,0,,0,0,0,0,0,0,,0,0,0,0,0,,0,0,,0,0,0,0,0,0,0,0,0,,0,0,0,0,0,,0,0,,0,0,0,0,0,0,0,0,0,0,,0,0,0,0,0,,0,0,0,,0,0,0,1,,2,2,2,2,2,2,2,0,2,0,1,2,2,2,2,10222,4,4,2,0,0,0,2
11B194,12,40240,3,1,0,2,13,221,1,22,7,1,1,1,1,1,2,2,2,2,3,2,,2,1,2,2,1,2,,3,500,2,1,1,,0,0,,0,0,0,0,0,0,0,0,0,,0,0,0,0,0,,0,0,,0,0,0,0,0,0,0,0,0,0,,0,0,0,0,0,,60,2,0,,3,3,2,0,,1,2,2,2,2,1,1,2,2,0,1,1,1,1,2,19603,1,1,1,2,0,0,1
11B194,12,40240,1,1,0,1,13,221,2,39,4,3,1,1,2,2,2,2,2,2,0,0,,0,0,0,0,0,0,,0,0,0,0,0,,0,0,,0,0,0,0,0,0,0,0,0,,0,0,0,0,0,,0,0,,0,0,0,0,0,0,0,0,0,0,,0,0,0,0,0,,0,0,0,,0,0,0,3,,2,2,2,2,2,2,2,0,2,0,1,2,1,2,2,5468,4,4,2,0,0,0,2
11B194,12,40240,2,1,0,1,13,221,2,50,2,6,8,1,2,2,1,2,2,2,0,0,,0,0,0,0,0,0,,0,0,0,0,0,,3,4,,2,2,2,1,2,2,2,1,2,,2,0,2,1,1,,0,0,,0,0,0,0,0,0,0,0,0,0,,0,0,0,0,0,,30,2,0,,2,3,2,0,,2,2,2,2,2,2,2,0,2,0,1,2,2,2,2,5111,3,3,1,0,2,0,1
11B188,12,40248,2,1,0,1,13,221,2,43,3,3,7,1,2,2,1,1,2,2,0,0,,0,0,0,0,0,0,,0,0,0,0,0,,4,4,,2,2,2,2,2,2,2,1,2,,3,50,2,1,1,,1,4,,2,2,1,2,1,2,0,2,1,1,,0,0,0,0,0,,40,2,0,,2,3,2,0,,2,2,2,2,2,1,2,0,2,0,1,2,1,1,1,13638,3,3,1,0,2,2,1
11B188,12,40248,1,1,0,2,13,221,2,43,3,3,7,1,2,2,1,1,2,2,0,0,,0,0,0,0,0,0,,0,0,0,0,0,,4,4,,2,2,2,2,2,2,2,1,2,,2,0,2,1,1,,2,4,,2,2,2,2,1,2,0,2,1,1,,0,0,0,0,0,,60,2,0,,2,3,2,0,,2,2,2,2,2,2,2,0,2,0,1,2,1,1,1,27274,3,3,1,0,2,2,1
11B188,12,40248,4,1,0,2,13,221,2,39,4,3,1,1,1,2,1,1,2,2,0,0,,0,0,0,0,0,0,,0,0,0,0,0,,6,4,,2,2,1,2,1,2,2,2,2,,2,0,2,1,1,,2,4,,2,2,1,2,1,2,0,2,1,1,,0,0,0,0,0,,25,2,0,,2,3,2,0,,2,2,2,2,2,2,1,2,2,0,1,2,1,1,2,13638,1,3,1,0,2,2,1
11B188,12,40248,3,1,0,1,13,221,2,63,2,6,1,1,2,2,2,2,2,2,0,0,,0,0,0,0,0,0,,0,0,0,0,0,,0,0,,0,0,0,0,0,0,0,0,0,,0,0,0,0,0,,0,0,,0,0,0,0,0,0,0,0,0,0,,0,0,0,0,0,,0,0,0,,0,0,0,3,,2,2,2,2,2,1,2,0,2,0,1,2,1,1,1,6879,4,4,2,0,0,0,2
12B195,12,40303,1,1,0,1,13,221,1,77,2,3,1,1,2,2,2,2,2,2,0,0,,0,0,0,0,0,0,,0,0,0,0,0,,0,0,,0,0,0,0,0,0,0,0,0,,0,0,0,0,0,,0,0,,0,0,0,0,0,0,0,0,0,0,,0,0,0,0,0,,0,0,0,,0,0,0,1,,2,2,2,2,2,2,2,0,2,0,1,2,2,2,2,16016,4,4,2,0,0,0,2
12B195,12,40303,2,1,0,1,13,221,2,38,3,3,7,1,2,2,1,2,2,2,0,0,,0,0,0,0,0,0,,0,0,0,0,0,,4,4,,2,2,2,2,2,2,2,1,2,,2,0,2,1,1,,0,0,,0,0,0,0,0,0,0,0,0,0,,0,0,0,0,0,,40,2,0,,3,3,2,0,,2,2,2,2,2,2,2,0,2,0,1,2,2,1,2,25075,3,3,1,0,2,0,1
12B195,12,40303,3,1,0,1,13,221,2,28,7,4,1,1,2,2,1,2,2,2,0,0,,0,0,0,0,0,0,,0,0,0,0,0,,3,4,,2,2,2,2,2,2,2,1,2,,2,0,2,1,1,,0,0,,0,0,0,0,0,0,0,0,0,0,,0,0,0,0,0,,30,2,0,,4,4,2,0,,1,2,2,2,2,1,1,2,2,0,1,1,1,1,2,6091,3,3,1,0,2,0,1
12A191,12,40312,4,1,1,2,13,221,2,44,3,3,1,1,2,2,2,2,2,2,0,0,,0,0,0,0,0,0,,0,0,0,0,0,,0,0,,0,0,0,0,0,0,0,0,0,,0,0,0,0,0,,0,0,,0,0,0,0,0,0,0,0,0,0,,0,0,0,0,0,,0,0,0,,0,0,0,3,,2,2,2,2,2,2,2,0,2,0,1,2,1,2,2,12115,4,4,2,0,0,0,2
12A191,12,40312,3,1,0,1,13,221,1,29,3,3,1,1,2,2,2,1,2,2,0,0,,0,0,0,0,0,0,,0,0,0,0,0,,0,0,,0,0,0,0,0,0,0,0,0,,0,0,0,0,0,,1,4,,2,1,2,2,1,2,0,2,1,2,,0,0,0,0,0,,20,2,0,,3,4,2,0,,2,2,2,2,2,1,2,0,2,0,1,1,1,2,2,13995,3,3,1,0,0,2,1
12A191,12,40312,1,1,0,2,13,221,2,28,3,3,1,1,2,2,1,2,2,2,0,0,,0,0,0,0,0,0,,0,0,0,0,0,,4,4,,2,2,2,2,2,2,2,1,2,,3,100,2,1,1,,0,0,,0,0,0,0,0,0,0,0,0,0,,0,0,0,0,0,,30,2,0,,4,4,2,0,,2,2,2,2,2,1,1,2,2,0,1,2,1,1,2,11770,3,3,1,0,2,0,1
12A191,12,40312,2,1,0,2,13,221,2,46,2,6,7,1,2,2,2,2,2,2,0,0,,0,0,0,0,0,0,,0,0,0,0,0,,0,0,,0,0,0,0,0,0,0,0,0,,0,0,0,0,0,,0,0,,0,0,0,0,0,0,0,0,0,0,,0,0,0,0,0,,0,0,0,,0,0,0,1,,2,2,2,2,2,2,2,0,2,0,1,1,1,2,2,11326,4,4,2,0,0,0,2
13A191,12,40314,3,1,0,1,13,221,1,62,2,4,4,1,2,2,2,2,2,2,0,0,,0,0,0,0,0,0,,0,0,0,0,0,,0,0,,0,0,0,0,0,0,0,0,0,,0,0,0,0,0,,0,0,,0,0,0,0,0,0,0,0,0,0,,0,0,0,0,0,,0,0,0,,0,0,0,1,,2,2,2,2,2,2,2,0,2,0,1,2,2,2,2,6856,4,4,2,0,0,0,2
13A191,12,40314,4,1,0,1,13,221,1,64,2,6,1,1,2,2,2,2,2,2,0,0,,0,0,0,0,0,0,,0,0,0,0,0,,0,0,,0,0,0,0,0,0,0,0,0,,0,0,0,0,0,,0,0,,0,0,0,0,0,0,0,0,0,0,,0,0,0,0,0,,0,0,0,,0,0,0,1,,2,2,2,2,2,2,2,0,2,0,1,2,2,2,2,13712,4,4,2,0,0,0,2
13A191,12,40314,2,1,0,2,13,221,2,26,0, ,7,2,0,0,0,0,0,0,0,0,,0,0,0,0,0,0,,0,0,0,0,0,,0,0,,0,0,0,0,0,0,0,0,0,,0,0,0,0,0,,0,0,,0,0,0,0,0,0,0,0,0,0,,0,0,0,0,0,,0,0,0,,0,0,0,0,,0,0,0,0,0,0,0,0,0,0,0,0,0,0,0,13339,0,0,0,0,0,0,0
13A191,12,40314,1,1,0,5,13,221,1,19,4,3,1,1,2,2,2,2,2,2,0,0,,0,0,0,0,0,0,,0,0,0,0,0,,0,0,,0,0,0,0,0,0,0,0,0,,0,0,0,0,0,,0,0,,0,0,0,0,0,0,0,0,0,0,,0,0,0,0,0,,0,0,0,,0,0,0,1,,2,2,2,2,2,2,2,0,2,0,1,2,1,2,2,41023,4,4,2,0,0,0,2
13B195,12,40371,1,1,0,1,13,221,2,51,3,3,1,1,2,2,2,2,2,2,0,0,,0,0,0,0,0,0,,0,0,0,0,0,,0,0,,0,0,0,0,0,0,0,0,0,,0,0,0,0,0,,0,0,,0,0,0,0,0,0,0,0,0,0,,0,0,0,0,0,,0,0,0,,0,0,0,3,,2,2,2,2,2,2,2,0,2,0,1,2,1,1,2,11194,4,4,2,0,0,0,2
13B195,12,40371,3,1,0,1,13,221,2,63,3,3,8,1,1,2,1,2,2,2,0,0,,0,0,0,0,0,0,,0,0,0,0,0,,3,5,,2,2,2,2,1,2,2,2,2,,2,0,2,1,1,,0,0,,0,0,0,0,0,0,0,0,0,0,,0,0,0,0,0,,40,2,0,,2,3,2,0,,2,2,2,2,2,2,2,0,2,0,1,2,1,1,2,6040,1,3,1,0,2,0,1
13B195,12,40371,2,1,0,1,13,221,1,56,7,5,1,1,1,1,2,2,2,2,4,1,,2,1,2,2,1,2,,2,0,2,1,1,,0,0,,0,0,0,0,0,0,0,0,0,,0,0,0,0,0,,0,0,,0,0,0,0,0,0,0,0,0,0,,0,0,0,0,0,,60,1,6,,3,3,2,0,,2,2,2,2,1,1,1,1,2,0,1,1,1,1,1,17938,1,1,1,2,0,0,1
13B195,12,40371,4,1,0,1,13,221,1,57,7,5,3,1,1,1,2,1,2,2,2,4,,2,2,2,1,1,2,,3,350,2,1,1,,0,0,,0,0,0,0,0,0,0,0,0,,0,0,0,0,0,,2,3,,1,1,2,2,1,3,20,2,1,1,,0,0,0,0,0,,45,2,0,,3,3,2,0,,1,2,2,2,2,1,1,1,2,0,1,1,1,1,1,17938,1,2,1,2,0,2,1
12B193,13,40052,3,1,0,2,43,221,2,19,7,2,6,1,2,2,2,2,2,2,0,0,,0,0,0,0,0,0,,0,0,0,0,0,,0,0,,0,0,0,0,0,0,0,0,0,,0,0,0,0,0,,0,0,,0,0,0,0,0,0,0,0,0,0,,0,0,0,0,0,,0,0,0,,0,0,0,5,,2,2,2,2,2,2,2,0,2,0,1,1,1,1,1,27128,4,4,2,0,0,0,2
12B193,13,40052,2,1,0,2,43,221,1,38,7,4,1,1,1,1,2,2,2,1,2,4,,2,2,2,2,1,2,,2,0,2,1,1,,0,0,,0,0,0,0,0,0,0,0,0,,0,0,0,0,0,,0,0,,0,0,0,0,0,0,0,0,0,0,,0,0,0,1,3,,40,2,0,,3,3,2,0,,2,2,2,2,3,2,2,0,1,1,1,1,1,1,1,29005,1,2,1,2,0,0,1
12B193,13,40052,1,1,0,1,43,221,2,32,7,4,1,1,1,1,1,1,2,1,1,3,,2,1,2,2,2,2,,1,0,1,2,1,,6,1,,2,1,2,2,2,1,2,2,2,,1,0,1,2,1,,14,1,,1,1,1,1,1,1,0,1,2,1,,0,0,0,1,1,,100,1,5,,3,4,2,0,,2,2,2,2,1,1,1,2,1,5,1,1,1,1,1,6356,1,2,1,1,1,1,1
12B193,13,40052,4,1,0,1,43,221,1,30,7,4,1,1,1,1,1,1,1,2,10,2,,2,1,2,2,2,2,,1,0,1,2,1,,2,2,,2,1,2,2,2,1,2,2,2,,1,0,1,2,1,,1,4,,1,2,1,2,2,1,0,1,2,1,,2,1,2,0,0,,60,2,0,,3,3,2,0,,2,2,2,2,1,1,1,2,1,5,1,2,2,2,1,15114,1,2,1,1,1,1,1
11B196,13,40087,4,1,0,2,43,221,2,56,3,3,7,1,1,1,2,2,2,2,7,3,,2,2,1,2,2,2,,2,0,2,1,1,,0,0,,0,0,0,0,0,0,0,0,0,,0,0,0,0,0,,0,0,,0,0,0,0,0,0,0,0,0,0,,0,0,0,0,0,,120,2,0,,2,3,2,0,,2,2,2,2,2,2,2,0,2,0,1,1,1,1,1,10435,1,1,1,2,0,0,1
11B196,13,40087,1,1,0,1,43,221,2,55,0, ,1,2,0,0,0,0,0,0,0,0,,0,0,0,0,0,0,,0,0,0,0,0,,0,0,,0,0,0,0,0,0,0,0,0,,0,0,0,0,0,,0,0,,0,0,0,0,0,0,0,0,0,0,,0,0,0,0,0,,0,0,0,,0,0,0,0,,0,0,0,0,0,0,0,0,0,0,0,0,0,0,0,5218,0,0,0,0,0,0,0
11B196,13,40087,2,1,0,1,43,221,1,53,2,6,1,1,1,1,1,1,2,1,8,4,,2,1,2,2,1,2,,1,0,1,2,1,,3,4,,2,1,2,2,2,2,1,2,2,,1,0,1,2,1,,3,4,,1,2,2,2,2,1,0,1,2,1,,0,0,0,2,4,,30,2,0,,2,3,2,0,,2,2,2,2,1,1,1,1,1,6,1,1,1,1,1,23965,1,2,1,1,1,1,1
11B196,13,40087,3,1,0,2,43,221,2,65,4,3,1,1,1,1,2,2,2,1,8,3,,2,1,2,2,2,2,,3,1000,2,1,1,,0,0,,0,0,0,0,0,0,0,0,0,,0,0,0,0,0,,0,0,,0,0,0,0,0,0,0,0,0,0,,0,0,0,1,3,,120,2,0,,4,4,2,0,,2,2,2,2,2,1,2,0,1,5,1,1,1,1,1,12299,1,2,1,2,0,0,1
13B196,13,40091,4,1,0,3,43,221,2,22,4,3,1,1,1,1,1,1,2,1,25,4,,2,2,2,1,2,2,,3,2000,2,1,1,,2,3,,2,2,2,1,2,1,2,2,2,,3,45,2,1,1,,1,3,,1,2,2,2,2,2,0,2,1,5,COCINA ECONÓMICA,0,0,0,2,3,,60,2,0,,2,4,2,0,,1,2,1,2,2,2,2,0,1,1,1,2,2,2,2,34353,1,2,1,2,2,2,1
13B196,13,40091,2,1,0,1,43,221,2,50,7,4,1,1,1,1,1,1,1,1,2,4,,2,2,1,2,2,2,,2,0,2,1,1,,3,4,,2,1,2,2,2,1,2,2,2,,2,0,2,1,1,,2,3,,1,2,1,1,1,1,0,1,2,1,,3,1,2,2,1,,120,2,0,,3,4,1,0,,2,2,2,2,2,2,2,0,2,0,1,1,1,1,1,23234,1,2,1,2,2,1,1
13B196,13,40091,3,1,0,2,43,221,2,40,7,2,7,1,1,1,2,1,2,1,2,4,,2,2,2,1,2,2,,1,0,1,2,1,,0,0,,0,0,0,0,0,0,0,0,0,,0,0,0,0,0,,7,3,,1,2,1,2,2,1,0,1,2,1,,0,0,0,2,3,,30,2,0,,2,3,2,0,,2,2,2,2,2,1,1,2,1,6,1,2,2,2,2,16569,1,2,1,1,0,1,1
11A192,13,40096,1,1,0,3,43,221,1,22,7,2,1,1,1,1,2,2,2,2,3,2,,2,1,2,2,2,2,,3,8000,2,1,1,,0,0,,0,0,0,0,0,0,0,0,0,,0,0,0,0,0,,0,0,,0,0,0,0,0,0,0,0,0,0,,0,0,0,0,0,,60,2,0,,2,3,2,0,,2,2,2,2,1,1,1,2,1,6,1,2,2,2,2,33735,1,1,1,2,0,0,1
11A192,13,40096,2,1,0,2,43,221,2,34,3,3,4,1,1,2,1,1,2,2,0,0,,0,0,0,0,0,0,,0,0,0,0,0,,2,4,,2,2,2,1,2,1,2,2,2,,1,0,1,2,1,,1,4,,2,2,1,2,2,1,0,1,2,1,,0,0,0,0,0,,20,1,5,,3,3,2,0,,2,2,2,2,1,1,1,2,1,4,1,1,1,1,1,18282,1,3,1,0,1,1,1
11A192,13,40096,3,1,0,1,43,221,2,49,3,3,3,1,2,2,2,2,2,2,0,0,,0,0,0,0,0,0,,0,0,0,0,0,,0,0,,0,0,0,0,0,0,0,0,0,,0,0,0,0,0,,0,0,,0,0,0,0,0,0,0,0,0,0,,0,0,0,0,0,,0,0,0,,0,0,0,5,,2,2,2,2,2,2,2,0,2,0,1,1,1,1,1,17592,4,4,2,0,0,0,2
11A192,13,40096,4,1,0,2,43,221,2,30,4,3,3,1,1,2,2,1,2,2,0,0,,0,0,0,0,0,0,,0,0,0,0,0,,0,0,,0,0,0,0,0,0,0,0,0,,0,0,0,0,0,,3,3,,1,2,1,2,2,1,0,1,2,1,,0,0,0,0,0,,20,2,0,,3,3,2,0,,2,2,2,2,1,1,1,2,2,0,1,1,1,1,1,18282,1,3,1,0,0,1,1
13A192,13,40098,1,1,0,1,43,221,1,43,7,4,1,1,1,1,2,1,2,2,5,4,,2,2,1,1,2,2,,3,300,2,1,1,,0,0,,0,0,0,0,0,0,0,0,0,,0,0,0,0,0,,3,3,,1,2,1,1,2,1,0,1,2,1,,0,0,0,0,0,,120,2,0,,3,3,2,0,,2,2,2,2,1,1,2,0,1,6,1,1,1,1,1,17854,1,2,1,2,0,1,1
13A192,13,40098,4,1,0,2,43,221,2,73,7,4,3,1,1,1,2,2,2,1,3,4,,2,2,1,2,2,2,,1,0,1,2,1,,0,0,,0,0,0,0,0,0,0,0,0,,0,0,0,0,0,,0,0,,0,0,0,0,0,0,0,0,0,0,,0,0,0,1,4,,180,2,0,,3,3,2,0,,2,2,2,2,2,2,2,0,2,0,1,1,1,1,1,9577,1,2,1,1,0,0,1
13A192,13,40098,2,1,0,3,43,221,2,27,3,3,7,1,1,1,2,2,2,1,1,4,,2,2,2,1,2,2,,3,50,2,1,1,,0,0,,0,0,0,0,0,0,0,0,0,,0,0,0,0,0,,0,0,,0,0,0,0,0,0,0,0,0,0,,0,0,0,1,4,,120,2,0,,2,4,2,0,,2,2,2,1,2,2,2,0,2,0,1,1,1,1,1,31300,1,2,1,2,0,0,1
13A192,13,40098,3,1,0,4,43,221,2,23,7,4,6,1,1,1,2,1,2,1,1,2,,2,1,2,2,2,2,,1,0,1,2,1,,0,0,,0,0,0,0,0,0,0,0,0,,0,0,0,0,0,,7,3,,1,2,2,2,2,1,0,1,2,1,,0,0,0,5,2,,30,2,0,,3,3,2,0,,2,2,2,2,1,1,2,0,1,1,1,1,1,1,1,44533,1,2,1,1,0,1,1
12B187,13,40153,4,1,0,3,43,221,2,32,8,3,1,1,1,1,2,2,2,1,1,4,,2,2,2,1,2,2,,2,0,2,1,1,,0,0,,0,0,0,0,0,0,0,0,0,,0,0,0,0,0,,0,0,,0,0,0,0,0,0,0,0,0,0,,0,0,0,2,4,,30,2,0,,3,3,2,0,,2,2,2,2,1,1,1,2,1,5,1,1,1,1,1,12537,1,2,1,2,0,0,1
12B187,13,40153,1,1,0,1,43,221,1,54,7,4,1,1,2,2,2,2,2,2,0,0,,0,0,0,0,0,0,,0,0,0,0,0,,0,0,,0,0,0,0,0,0,0,0,0,,0,0,0,0,0,,0,0,,0,0,0,0,0,0,0,0,0,0,,0,0,0,0,0,,0,0,0,,0,0,0,2,,2,2,2,2,2,2,2,0,1,5,1,1,1,1,1,29898,4,4,2,0,0,0,2
12B188,13,40248,4,1,0,2,43,221,2,61,3,3,7,1,1,1,2,2,2,2,3,4,,2,2,1,2,2,2,,2,0,2,1,1,,0,0,,0,0,0,0,0,0,0,0,0,,0,0,0,0,0,,0,0,,0,0,0,0,0,0,0,0,0,0,,0,0,0,0,0,,30,2,0,,3,2,2,0,,2,2,2,2,2,2,2,0,2,0,1,1,1,1,1,12493,1,1,1,2,0,0,1
12B188,13,40248,3,1,0,1,43,221,2,23,7,4,6,1,1,1,1,2,1,1,4,4,,2,2,2,1,2,2,,1,0,1,2,1,,8,3,,2,1,2,2,2,1,2,2,2,,1,0,1,2,1,,0,0,,0,0,0,0,0,0,0,0,0,0,,2,1,2,3,2,,60,2,0,,3,3,2,0,,2,2,2,2,1,2,1,2,1,3,1,1,1,1,1,17117,1,2,1,1,1,0,1
12B188,13,40248,1,1,0,3,43,221,2,51,3,3,7,1,1,2,2,2,2,2,0,0,,0,0,0,0,0,0,,0,0,0,0,0,,0,0,,0,0,0,0,0,0,0,0,0,,0,0,0,0,0,,0,0,,0,0,0,0,0,0,0,0,0,0,,0,0,0,0,0,,0,0,0,,0,0,0,3,,2,2,2,2,2,2,2,0,1,6,1,1,1,1,1,17365,2,4,2,0,0,0,2
13B194,13,40275,4,1,0,3,43,221,1,34,9,3,1,1,1,1,1,1,1,1,60,1,,2,1,2,2,2,2,,3,10000,1,1,1,,12,1,,2,1,2,2,2,1,2,2,2,,1,0,1,2,1,,7,4,,1,2,1,2,2,1,0,1,2,1,,3,1,2,2,1,,120,2,0,,4,3,2,0,,2,2,1,2,1,1,2,0,1,4,1,1,1,1,1,35640,1,2,1,3,1,1,1
13B194,13,40275,2,1,0,2,43,221,2,21,7,1,6,1,1,1,1,2,2,1,3,2,,2,1,2,2,2,2,,1,0,1,2,1,,3,4,,2,1,2,2,2,1,2,2,2,,3,9999,2,1,1,,0,0,,0,0,0,0,0,0,0,0,0,0,,0,0,0,1,4,,10,1,5,,1,3,2,0,,2,2,2,2,1,1,1,1,1,5,1,1,1,1,1,21324,1,2,1,1,2,0,1
13B194,13,40275,3,1,0,1,43,221,1,65,7,5,8,1,1,1,1,1,2,2,2,4,,2,2,2,1,2,2,,2,0,2,1,1,,3,3,,2,2,2,1,2,2,1,1,2,,3,9999,2,1,1,,1,4,,1,1,1,1,2,3,9999,2,1,1,,0,0,0,0,0,,60,2,0,,2,3,2,0,,2,2,2,2,3,3,3,0,3,0,1,3,3,3,3,29561,1,2,1,2,2,2,1
12B194,13,40278,2,1,0,1,43,221,1,35,4,3,1,1,1,1,2,1,2,2,4,4,,2,2,2,1,2,2,,2,0,2,1,1,,0,0,,0,0,0,0,0,0,0,0,0,,0,0,0,0,0,,1,3,,2,2,1,2,2,3,10,2,1,1,,0,0,0,0,0,,60,2,0,,3,3,2,0,,2,2,2,2,2,1,1,2,1,2,1,1,1,1,1,14071,1,2,1,2,0,2,1
12B194,13,40278,3,1,0,1,43,221,1,30,7,4,1,1,2,2,2,2,2,2,0,0,,0,0,0,0,0,0,,0,0,0,0,0,,0,0,,0,0,0,0,0,0,0,0,0,,0,0,0,0,0,,0,0,,0,0,0,0,0,0,0,0,0,0,,0,0,0,0,0,,0,0,0,,0,0,0,3,,2,2,2,2,2,2,2,0,2,0,1,2,2,2,2,14665,4,4,2,0,0,0,2
12B194,13,40278,1,1,0,1,43,221,1,52,7,4,1,1,1,1,2,1,2,1,1,1,,2,2,1,2,2,2,,3,400,2,1,1,,0,0,,0,0,0,0,0,0,0,0,0,,0,0,0,0,0,,1,3,,1,2,2,2,2,3,10,2,1,1,,0,0,0,1,4,,10,1,6,,3,3,1,0,,2,2,2,2,3,3,3,0,1,4,1,2,2,2,2,7354,1,2,1,2,0,2,1
13B188,13,40281,1,1,0,3,43,221,1,19,4,3,6,1,1,1,2,2,2,2,1,3,,2,1,2,2,2,2,,3,130,2,1,1,,0,0,,0,0,0,0,0,0,0,0,0,,0,0,0,0,0,,0,0,,0,0,0,0,0,0,0,0,0,0,,0,0,0,0,0,,60,2,0,,3,1,1,0,,2,1,2,2,2,1,1,2,1,4,1,1,1,1,1,18401,1,1,1,2,0,0,1
13B188,13,40281,4,1,1,2,43,221,2,26,7,4,4,1,1,1,1,1,2,1,2,4,,2,2,2,1,2,2,,2,0,2,1,1,,2,4,,2,2,2,1,2,2,2,1,2,,2,0,2,1,1,,1,3,,1,2,1,2,2,1,0,1,2,1,,0,0,0,2,3,,30,2,0,,2,3,2,0,,2,2,2,2,3,3,3,0,3,0,1,1,1,1,1,14958,1,2,1,2,2,1,1
13B188,13,40281,2,1,0,2,43,221,2,38,7,4,7,1,2,2,2,2,2,2,0,0,,0,0,0,0,0,0,,0,0,0,0,0,,0,0,,0,0,0,0,0,0,0,0,0,,0,0,0,0,0,,0,0,,0,0,0,0,0,0,0,0,0,0,,0,0,0,0,0,,0,0,0,,0,0,0,3,,2,2,2,2,1,1,1,2,1,6,1,1,1,1,1,15397,4,4,2,0,0,0,2
11B195,13,40306,4,1,0,2,43,221,1,38,2,3,1,1,2,2,2,2,2,2,0,0,,0,0,0,0,0,0,,0,0,0,0,0,,0,0,,0,0,0,0,0,0,0,0,0,,0,0,0,0,0,,0,0,,0,0,0,0,0,0,0,0,0,0,,0,0,0,0,0,,0,0,0,,0,0,0,3,,2,2,2,2,2,2,2,0,2,0,1,1,1,1,1,16367,4,4,2,0,0,0,2
11B195,13,40306,1,1,0,2,43,221,2,54,3,3,7,1,2,2,2,2,2,2,0,0,,0,0,0,0,0,0,,0,0,0,0,0,,0,0,,0,0,0,0,0,0,0,0,0,,0,0,0,0,0,,0,0,,0,0,0,0,0,0,0,0,0,0,,0,0,0,0,0,,0,0,0,,0,0,0,3,,2,2,2,2,2,2,2,0,3,0,1,3,3,3,3,13804,4,4,2,0,0,0,2
11B195,13,40306,3,1,0,1,43,221,1,51,7,1,3,1,1,1,2,2,2,1,7,2,,2,1,2,2,2,2,,3,2000,2,1,1,,0,0,,0,0,0,0,0,0,0,0,0,,0,0,0,0,0,,0,0,,0,0,0,0,0,0,0,0,0,0,,0,0,0,1,3,,120,2,0,,2,3,1,0,,2,2,2,2,1,1,1,2,1,4,1,2,2,2,2,5702,1,2,1,2,0,0,1
11A191,13,40380,4,1,0,1,43,221,1,41,2,6,1,1,1,2,2,1,2,2,0,0,,0,0,0,0,0,0,,0,0,0,0,0,,0,0,,0,0,0,0,0,0,0,0,0,,0,0,0,0,0,,1,3,,1,1,2,2,2,3,20,2,1,4,,0,0,0,0,0,,15,2,0,,2,2,2,0,,2,2,2,2,1,1,1,2,1,1,1,1,1,1,1,13975,1,3,1,0,0,2,1
11A191,13,40380,1,1,0,2,43,221,2,41,7,4,1,1,1,1,2,2,2,2,1,4,,2,2,1,2,2,2,,2,0,2,1,1,,0,0,,0,0,0,0,0,0,0,0,0,,0,0,0,0,0,,0,0,,0,0,0,0,0,0,0,0,0,0,,0,0,0,0,0,,30,2,0,,2,4,1,0,,2,2,1,2,2,1,1,2,1,1,1,1,1,1,1,12608,1,1,1,2,0,0,1
11A191,13,40380,2,1,0,3,43,221,1,25,3,3,1,1,2,2,2,2,2,2,0,0,,0,0,0,0,0,0,,0,0,0,0,0,,0,0,,0,0,0,0,0,0,0,0,0,,0,0,0,0,0,,0,0,,0,0,0,0,0,0,0,0,0,0,,0,0,0,0,0,,0,0,0,,0,0,0,5,,2,2,2,2,3,3,3,0,2,0,1,2,2,2,2,29129,4,4,2,0,0,0,2
13B194,14,40020,4,1,0,2,2,221,1,20,4,3,1,1,2,2,2,2,2,2,0,0,,0,0,0,0,0,0,,0,0,0,0,0,,0,0,,0,0,0,0,0,0,0,0,0,,0,0,0,0,0,,0,0,,0,0,0,0,0,0,0,0,0,0,,0,0,0,0,0,,0,0,0,,0,0,0,2,,2,2,2,2,2,1,2,0,1,3,1,1,1,1,1,20694,4,4,2,0,0,0,2
13B194,14,40020,1,1,0,2,2,221,2,72,2,5,7,1,2,2,2,2,2,2,0,0,,0,0,0,0,0,0,,0,0,0,0,0,,0,0,,0,0,0,0,0,0,0,0,0,,0,0,0,0,0,,0,0,,0,0,0,0,0,0,0,0,0,0,,0,0,0,0,0,,0,0,0,,0,0,0,3,,2,2,2,2,2,2,2,0,2,0,1,2,2,2,2,20589,4,4,2,0,0,0,2
13B194,14,40020,3,1,0,1,2,221,2,63,7,4,1,1,1,1,1,2,2,2,4,4,,2,2,2,1,2,2,,3,1200,2,1,1,,3,4,,2,2,2,1,2,2,1,2,2,,3,200,2,1,1,,0,0,,0,0,0,0,0,0,0,0,0,0,,0,0,0,0,0,,120,2,0,,2,2,1,0,,2,2,2,2,2,2,2,0,1,2,1,2,2,2,2,17469,1,2,1,2,2,0,1
13B194,14,40020,2,1,0,3,2,221,1,27,7,5,1,1,1,1,2,1,1,1,2,3,,1,2,2,2,2,2,,2,0,1,2,1,,0,0,,0,0,0,0,0,0,0,0,0,,0,0,0,0,0,,2,3,,2,1,2,2,1,2,0,1,2,1,,3,1,2,3,4,,25,1,5,,2,3,2,0,,2,1,2,2,2,2,1,2,1,1,1,1,1,1,1,10001,1,2,1,1,0,1,1
11B193,14,40023,3,1,0,3,2,221,1,42,3,3,1,1,1,1,2,2,2,2,1,4,,2,2,2,2,1,2,,3,300,2,1,1,,0,0,,0,0,0,0,0,0,0,0,0,,0,0,0,0,0,,0,0,,0,0,0,0,0,0,0,0,0,0,,0,0,0,0,0,,40,1,7,HACIENDO ACTIVIDADES EN EL HOGAR,2,3,1,0,,2,2,2,1,1,1,2,0,1,1,1,2,1,2,1,26260,1,1,1,2,0,0,1
11B193,14,40023,2,1,0,2,2,221,1,29,7,4,1,1,2,2,1,2,2,2,0,0,,0,0,0,0,0,0,,0,0,0,0,0,,2,1,,2,1,2,2,2,1,2,2,2,,2,0,2,1,2,,0,0,,0,0,0,0,0,0,0,0,0,0,,0,0,0,0,0,,10,2,0,,2,3,2,0,,2,2,2,2,1,2,1,2,1,1,1,1,1,1,1,27368,3,3,1,0,2,0,1
11B193,14,40023,4,1,0,3,2,221,1,22,4,3,4,1,1,2,1,2,2,1,0,0,,0,0,0,0,0,0,,0,0,0,0,0,,5,4,,2,1,2,2,2,2,2,2,2,,1,0,1,1,1,,0,0,,0,0,0,0,0,0,0,0,0,0,,0,0,0,1,4,,60,1,5,,2,3,1,0,,1,2,2,2,2,2,2,0,1,1,1,1,1,2,2,37752,1,3,1,0,3,0,1
12B196,14,40033,3,1,0,1,2,221,1,63,8,2,1,1,1,2,2,2,2,1,0,0,,0,0,0,0,0,0,,0,0,0,0,0,,0,0,,0,0,0,0,0,0,0,0,0,,0,0,0,0,0,,0,0,,0,0,0,0,0,0,0,0,0,0,,0,0,0,2,4,,30,2,0,,4,3,1,0,,2,2,2,2,2,2,2,0,1,3,1,1,1,1,1,6785,1,3,1,0,0,0,2
12B196,14,40033,4,1,0,1,2,221,1,75,7,4,1,1,2,2,2,2,2,2,0,0,,0,0,0,0,0,0,,0,0,0,0,0,,0,0,,0,0,0,0,0,0,0,0,0,,0,0,0,0,0,,0,0,,0,0,0,0,0,0,0,0,0,0,,0,0,0,0,0,,0,0,0,,0,0,0,5,,2,2,2,2,2,1,2,0,1,2,1,1,1,1,1,8679,4,4,2,0,0,0,2
12B196,14,40033,2,1,0,1,2,221,1,68,7,5,1,1,1,2,2,2,2,1,0,0,,0,0,0,0,0,0,,0,0,0,0,0,,0,0,,0,0,0,0,0,0,0,0,0,,0,0,0,0,0,,0,0,,0,0,0,0,0,0,0,0,0,0,,0,0,0,1,1,,60,1,6,,3,3,2,0,,2,2,2,2,2,2,2,0,1,1,1,2,1,2,2,8679,1,3,1,0,0,0,2
12A192,14,40040,4,1,0,1,2,221,1,56,4,3,1,1,2,2,2,2,2,2,0,0,,0,0,0,0,0,0,,0,0,0,0,0,,0,0,,0,0,0,0,0,0,0,0,0,,0,0,0,0,0,,0,0,,0,0,0,0,0,0,0,0,0,0,,0,0,0,0,0,,0,0,0,,0,0,0,3,,2,2,2,2,2,2,2,0,1,1,1,2,1,2,1,15036,4,4,2,0,0,0,2
12A192,14,40040,3,1,1,1,2,221,2,27,7,4,1,1,1,2,2,2,2,1,0,0,,0,0,0,0,0,0,,0,0,0,0,0,,0,0,,0,0,0,0,0,0,0,0,0,,0,0,0,0,0,,0,0,,0,0,0,0,0,0,0,0,0,0,,0,0,0,2,3,,45,2,0,,4,4,1,0,,2,2,2,2,2,2,2,0,1,1,1,2,1,2,1,7313,1,3,1,0,0,0,2
12A192,14,40040,2,1,0,1,2,221,1,47,4,3,1,1,2,2,2,2,2,2,0,0,,0,0,0,0,0,0,,0,0,0,0,0,,0,0,,0,0,0,0,0,0,0,0,0,,0,0,0,0,0,,0,0,,0,0,0,0,0,0,0,0,0,0,,0,0,0,0,0,,0,0,0,,0,0,0,3,,2,2,2,2,2,1,2,0,1,1,1,1,1,2,2,17441,4,4,2,0,0,0,2
12A192,14,40040,1,1,0,2,2,221,2,72,6,3,7,1,1,1,2,2,2,2,1,4,,2,2,2,1,2,2,,2,0,2,1,1,,0,0,,0,0,0,0,0,0,0,0,0,,0,0,0,0,0,,0,0,,0,0,0,0,0,0,0,0,0,0,,0,0,0,0,0,,60,2,0,,2,3,2,0,,2,2,2,2,2,2,2,0,2,0,1,1,1,1,1,35804,1,1,1,2,0,0,1
13B194,14,40066,1,1,0,1,2,221,2,51,2,1,4,1,2,2,2,2,2,2,0,0,,0,0,0,0,0,0,,0,0,0,0,0,,0,0,,0,0,0,0,0,0,0,0,0,,0,0,0,0,0,,0,0,,0,0,0,0,0,0,0,0,0,0,,0,0,0,0,0,,0,0,0,,0,0,0,2,,2,2,2,2,2,1,1,2,1,1,1,1,1,3,1,15730,4,4,2,0,0,0,2
13B194,14,40066,3,1,0,1,2,221,2,73,2,4,7,1,1,2,1,2,2,2,0,0,,0,0,0,0,0,0,,0,0,0,0,0,,4,4,,2,2,2,2,2,2,2,1,2,,2,0,2,1,1,,0,0,,0,0,0,0,0,0,0,0,0,0,,0,0,0,0,0,,30,2,0,,2,2,2,0,,2,2,2,2,1,1,1,1,2,0,1,2,2,2,2,10004,1,3,1,0,2,0,1
13B194,14,40066,4,1,0,2,2,221,2,30,4,3,1,1,1,1,2,2,1,1,4,4,,2,2,2,2,1,2,,3,500,2,1,2,,0,0,,0,0,0,0,0,0,0,0,0,,0,0,0,0,0,,0,0,,0,0,0,0,0,0,0,0,0,0,,3,2,1,2,4,,45,1,3,,3,3,1,0,,2,2,2,2,2,1,1,2,1,1,1,1,1,1,1,24520,1,2,1,2,0,0,1
12B193,14,40069,2,1,1,2,2,221,1,29,4,3,1,1,2,2,1,1,2,1,0,0,,0,0,0,0,0,0,,0,0,0,0,0,,4,3,,2,2,2,2,2,1,2,2,2,,2,0,2,1,1,,2,3,,1,2,2,2,1,3,25,2,1,4,,0,0,0,1,3,,30,2,0,,3,3,1,0,,1,1,2,2,2,2,2,0,1,1,1,1,1,2,2,14196,3,3,1,0,2,2,1
12B193,14,40069,3,1,0,1,2,221,2,24,3,3,1,1,1,2,2,1,2,2,0,0,,0,0,0,0,0,0,,0,0,0,0,0,,0,0,,0,0,0,0,0,0,0,0,0,,0,0,0,0,0,,1,3,,2,2,2,2,1,2,0,2,1,2,,0,0,0,0,0,,3,2,0,,2,2,2,0,,2,2,2,2,2,1,2,0,1,1,1,1,1,1,1,8493,1,3,1,0,0,2,1
12B193,14,40069,1,1,0,1,2,221,1,56,2,6,1,1,1,1,2,2,2,2,1,5,,2,2,1,2,2,2,,1,0,1,2,2,,0,0,,0,0,0,0,0,0,0,0,0,,0,0,0,0,0,,0,0,,0,0,0,0,0,0,0,0,0,0,,0,0,0,0,0,,130,2,0,,1,2,2,0,,2,2,2,2,2,2,2,0,2,0,1,2,2,2,1,6137,1,1,1,1,0,0,1
12B193,14,40069,4,1,0,1,2,221,1,42,0, ,1,1,2,2,2,2,1,2,0,0,,0,0,0,0,0,0,,0,0,0,0,0,,0,0,,0,0,0,0,0,0,0,0,0,,0,0,0,0,0,,0,0,,0,0,0,0,0,0,0,0,0,0,,5,2,1,0,0,,10,2,0,,1,2,2,0,,2,2,2,2,2,1,1,2,1,1,1,2,2,2,2,13621,3,3,1,0,0,0,2
12B193,14,40070,3,1,0,2,2,221,2,19,7,1,6,1,1,1,2,2,2,1,3,2,,2,1,2,1,2,2,,2,0,2,1,1,,0,0,,0,0,0,0,0,0,0,0,0,,0,0,0,0,0,,0,0,,0,0,0,0,0,0,0,0,0,0,,0,0,0,2,2,,120,2,0,,3,3,1,0,,2,2,2,2,2,2,2,0,1,1,1,1,1,1,1,20071,1,2,1,2,0,0,1
12B193,14,40070,2,1,0,3,2,221,2,20,7,1,1,1,1,1,1,1,2,1,4,4,,2,1,2,2,1,2,,1,0,1,2,1,,10,4,,2,2,2,1,2,2,1,2,2,,2,0,2,1,1,,2,3,,1,2,1,2,1,2,0,2,1,1,,0,0,0,1,4,,40,2,0,,2,3,1,0,,2,1,2,2,2,1,2,0,1,1,1,1,1,1,2,40141,1,2,1,1,2,2,1
12B193,14,40070,4,1,0,1,2,221,1,47,4,2,1,1,1,2,1,1,2,1,0,0,,0,0,0,0,0,0,,0,0,0,0,0,,3,3,,2,1,2,2,2,2,2,2,2,,3,60,2,1,1,,1,3,,1,1,1,1,1,3,15,2,1,1,,0,0,0,3,3,,20,2,0,,3,3,2,0,,2,1,2,2,2,1,2,0,1,1,1,2,1,2,1,8410,1,3,1,0,2,2,1
12B193,14,40071,2,1,0,3,2,221,1,27,4,3,4,1,2,1,2,1,2,1,2,4,,2,1,2,1,2,2,,2,0,2,1,1,,0,0,,0,0,0,0,0,0,0,0,0,,0,0,0,0,0,,1,4,,1,1,2,2,2,1,0,1,2,1,,0,0,0,2,4,,35,1,3,,2,3,2,0,,1,2,2,1,1,1,1,2,1,1,1,1,1,1,1,43143,3,2,1,2,0,1,1
12B193,14,40071,1,1,0,3,2,221,1,36,7,4,1,1,1,1,2,1,2,2,4,4,,2,2,1,2,2,2,,3,200,2,1,1,,0,0,,0,0,0,0,0,0,0,0,0,,0,0,0,0,0,,7,4,,2,1,1,1,2,2,0,2,1,2,,0,0,0,0,0,,30,2,0,,3,3,2,0,,2,2,2,1,2,1,1,1,1,1,1,1,1,1,1,24838,1,2,1,2,0,2,1
12B193,14,40071,3,1,0,1,2,221,2,50,4,3,8,1,1,2,1,2,2,2,0,0,,0,0,0,0,0,0,,0,0,0,0,0,,2,4,,2,2,2,2,2,2,2,1,2,,2,0,2,1,1,,0,0,,0,0,0,0,0,0,0,0,0,0,,0,0,0,0,0,,15,2,0,,2,4,2,0,,2,2,2,2,1,1,1,2,1,2,1,1,1,1,1,13965,1,3,1,0,2,0,1
12B193,14,40071,4,1,0,1,2,221,2,57,2,6,7,1,1,2,1,2,2,2,0,0,,0,0,0,0,0,0,,0,0,0,0,0,,6,3,,2,2,2,1,1,2,1,2,2,,2,0,2,1,1,,0,0,,0,0,0,0,0,0,0,0,0,0,,0,0,0,0,0,,30,2,0,,2,2,2,0,,2,2,2,2,2,1,1,2,1,1,1,1,1,1,1,22607,1,3,1,0,2,0,1
11B193,14,40072,3,1,0,2,2,221,2,25,3,3,1,1,2,2,2,1,2,1,0,0,,0,0,0,0,0,0,,0,0,0,0,0,,0,0,,0,0,0,0,0,0,0,0,0,,0,0,0,0,0,,1,3,,2,2,1,2,1,2,0,2,1,1,,0,0,0,5,4,,15,2,0,,4,3,1,0,,2,2,2,2,2,1,1,1,1,2,1,2,1,1,2,14792,3,3,1,0,0,2,1
11B193,14,40072,2,1,0,1,2,221,1,62,2,2,1,1,2,2,2,2,2,2,0,0,,0,0,0,0,0,0,,0,0,0,0,0,,0,0,,0,0,0,0,0,0,0,0,0,,0,0,0,0,0,,0,0,,0,0,0,0,0,0,0,0,0,0,,0,0,0,0,0,,0,0,0,,0,0,0,3,,2,2,2,2,2,1,1,2,2,0,1,2,1,2,2,7603,4,4,2,0,0,0,2
11B193,14,40072,4,1,0,2,2,221,2,43,4,3,3,1,1,1,2,1,2,1,1,4,,2,1,2,2,2,2,,3,200,2,1,1,,0,0,,0,0,0,0,0,0,0,0,0,,0,0,0,0,0,,2,3,,2,2,2,2,1,2,0,2,1,1,,0,0,0,1,4,,30,2,0,,2,3,2,0,,2,2,2,2,2,1,2,0,2,0,1,2,1,2,2,15226,1,2,1,2,0,2,1
11B193,14,40072,1,1,0,2,2,221,2,28,2,6,7,1,1,1,2,2,1,2,1,3,,2,2,2,2,1,2,,3,200,2,1,1,,0,0,,0,0,0,0,0,0,0,0,0,,0,0,0,0,0,,0,0,,0,0,0,0,0,0,0,0,0,0,,3,2,1,0,0,,30,2,0,,2,3,1,0,,2,2,2,2,1,1,2,0,1,3,1,2,1,1,1,14792,1,2,1,2,0,0,1
12B196,14,40076,2,1,0,2,2,221,2,50,4,3,2,1,2,2,2,2,2,2,0,0,,0,0,0,0,0,0,,0,0,0,0,0,,0,0,,0,0,0,0,0,0,0,0,0,,0,0,0,0,0,,0,0,,0,0,0,0,0,0,0,0,0,0,,0,0,0,0,0,,0,0,0,,0,0,0,5,,2,2,2,2,1,1,1,2,2,0,1,1,1,1,1,14610,4,4,2,0,0,0,2
12B196,14,40076,4,1,0,1,2,221,1,53,4,3,1,1,2,2,2,2,2,2,0,0,,0,0,0,0,0,0,,0,0,0,0,0,,0,0,,0,0,0,0,0,0,0,0,0,,0,0,0,0,0,,0,0,,0,0,0,0,0,0,0,0,0,0,,0,0,0,0,0,,0,0,0,,0,0,0,2,,2,2,2,2,2,1,2,0,1,1,1,3,3,2,2,18104,4,4,2,0,0,0,2
12B196,14,40076,3,1,0,2,2,221,2,28,4,2,1,1,2,2,2,2,2,2,0,0,,0,0,0,0,0,0,,0,0,0,0,0,,0,0,,0,0,0,0,0,0,0,0,0,,0,0,0,0,0,,0,0,,0,0,0,0,0,0,0,0,0,0,,0,0,0,0,0,,0,0,0,,0,0,0,2,,2,2,2,2,2,1,2,0,2,0,1,2,2,2,2,15183,4,4,2,0,0,0,2
12B196,14,40076,1,1,0,1,2,221,1,30,4,3,1,1,1,2,1,2,2,2,0,0,,0,0,0,0,0,0,,0,0,0,0,0,,3,4,,2,2,2,2,2,2,1,2,2,,2,0,2,1,2,,0,0,,0,0,0,0,0,0,0,0,0,0,,0,0,0,0,0,,20,1,6,,2,3,2,0,,2,2,2,2,2,1,1,2,1,1,1,1,1,1,3,18054,1,3,1,0,2,0,1
12B196,14,40077,1,1,0,2,2,221,1,26,7,4,1,1,2,1,2,2,2,1,1,4,,2,2,2,1,2,2,,3,300,2,1,1,,0,0,,0,0,0,0,0,0,0,0,0,,0,0,0,0,0,,0,0,,0,0,0,0,0,0,0,0,0,0,,0,0,0,2,3,,20,2,0,,3,3,2,0,,2,2,2,2,2,2,2,0,1,1,1,2,1,2,2,16771,3,2,1,2,0,0,1
12B196,14,40077,2,1,0,1,2,221,2,60,6,2,8,1,2,2,2,2,2,1,0,0,,0,0,0,0,0,0,,0,0,0,0,0,,0,0,,0,0,0,0,0,0,0,0,0,,0,0,0,0,0,,0,0,,0,0,0,0,0,0,0,0,0,0,,0,0,0,2,4,,10,2,0,,2,3,2,0,,2,2,2,2,2,2,2,0,1,6,1,2,2,2,2,14647,3,3,1,0,0,0,2
12B196,14,40077,4,1,0,1,2,221,2,45,8,2,1,1,1,1,1,2,2,1,25,2,,2,1,2,2,2,2,,1,0,1,2,1,,10,2,,2,2,2,2,2,1,2,2,2,,1,0,1,2,1,,0,0,,0,0,0,0,0,0,0,0,0,0,,0,0,0,2,2,,300,2,0,,4,4,1,0,,2,2,2,2,1,1,1,2,1,5,1,1,1,1,1,6786,1,2,1,1,1,0,1
13B196,14,40079,1,1,0,1,2,221,1,33,7,4,1,1,1,1,2,2,2,2,1,4,,2,1,2,2,2,2,,2,0,2,1,1,,0,0,,0,0,0,0,0,0,0,0,0,,0,0,0,0,0,,0,0,,0,0,0,0,0,0,0,0,0,0,,0,0,0,0,0,,20,2,0,,2,4,2,0,,2,2,2,2,2,1,2,0,2,0,1,1,1,1,2,19054,1,1,1,2,0,0,1
13B196,14,40079,3,1,0,2,2,221,1,58,3,3,1,1,2,2,2,2,2,2,0,0,,0,0,0,0,0,0,,0,0,0,0,0,,0,0,,0,0,0,0,0,0,0,0,0,,0,0,0,0,0,,0,0,,0,0,0,0,0,0,0,0,0,0,,0,0,0,0,0,,0,0,0,,0,0,0,5,,2,2,2,2,2,2,2,0,2,0,1,2,2,2,2,16473,4,4,2,0,0,0,2
13B196,14,40079,2,1,0,3,2,221,2,54,4,3,1,1,2,2,2,2,2,2,0,0,,0,0,0,0,0,0,,0,0,0,0,0,,0,0,,0,0,0,0,0,0,0,0,0,,0,0,0,0,0,,0,0,,0,0,0,0,0,0,0,0,0,0,,0,0,0,0,0,,0,0,0,,0,0,0,3,,2,2,2,2,2,2,2,0,1,1,1,2,2,2,2,30840,4,4,2,0,0,0,2
13B196,14,40079,4,1,0,2,2,221,2,70,2,6,7,1,2,2,2,2,2,2,0,0,,0,0,0,0,0,0,,0,0,0,0,0,,0,0,,0,0,0,0,0,0,0,0,0,,0,0,0,0,0,,0,0,,0,0,0,0,0,0,0,0,0,0,,0,0,0,0,0,,0,0,0,,0,0,0,5,,2,2,2,2,2,1,1,1,2,0,1,2,2,2,2,29419,4,4,2,0,0,0,2
11A192,14,40085,4,1,0,1,2,221,1,42,7,5,1,1,2,2,2,2,2,2,0,0,,0,0,0,0,0,0,,0,0,0,0,0,,0,0,,0,0,0,0,0,0,0,0,0,,0,0,0,0,0,,0,0,,0,0,0,0,0,0,0,0,0,0,,0,0,0,0,0,,0,0,0,,0,0,0,3,,2,2,2,2,2,2,2,0,2,0,1,3,1,3,3,12220,4,4,2,0,0,0,2
11A192,14,40085,2,1,0,2,2,221,2,28,7,5,4,1,2,2,2,2,2,2,0,0,,0,0,0,0,0,0,,0,0,0,0,0,,0,0,,0,0,0,0,0,0,0,0,0,,0,0,0,0,0,,0,0,,0,0,0,0,0,0,0,0,0,0,,0,0,0,0,0,,0,0,0,,0,0,0,2,,2,2,2,2,2,1,2,0,1,1,1,2,2,2,2,16066,4,4,2,0,0,0,2
11A192,14,40085,3,1,0,1,2,221,1,34,2,6,1,1,2,2,2,2,2,2,0,0,,0,0,0,0,0,0,,0,0,0,0,0,,0,0,,0,0,0,0,0,0,0,0,0,,0,0,0,0,0,,0,0,,0,0,0,0,0,0,0,0,0,0,,0,0,0,0,0,,0,0,0,,0,0,0,1,,2,2,2,2,2,2,2,0,2,0,1,2,2,2,2,12736,4,4,2,0,0,0,2
11A192,14,40088,3,1,0,3,2,221,2,26,4,2,1,1,2,2,2,2,2,2,0,0,,0,0,0,0,0,0,,0,0,0,0,0,,0,0,,0,0,0,0,0,0,0,0,0,,0,0,0,0,0,,0,0,,0,0,0,0,0,0,0,0,0,0,,0,0,0,0,0,,0,0,0,,0,0,0,1,,2,2,2,2,1,1,2,0,2,0,1,2,1,2,2,24897,4,4,2,0,0,0,2
11A192,14,40088,4,1,0,1,2,221,2,94,2,2,10,1,2,2,2,2,2,2,0,0,,0,0,0,0,0,0,,0,0,0,0,0,,0,0,,0,0,0,0,0,0,0,0,0,,0,0,0,0,0,,0,0,,0,0,0,0,0,0,0,0,0,0,,0,0,0,0,0,,0,0,0,,0,0,0,5,,2,2,2,2,2,2,2,0,3,0,1,3,3,3,3,7618,4,4,2,0,0,0,2
11A192,14,40088,2,1,0,1,2,221,1,42,3,3,1,1,1,1,1,1,2,2,1,3,,2,1,2,2,2,2,,3,400,2,1,1,,4,1,,1,2,2,1,2,2,2,2,2,,3,200,2,1,1,,2,3,,2,1,2,2,2,2,0,2,1,1,,0,0,0,0,0,,30,1,5,,2,3,2,0,,1,2,2,2,2,1,1,1,1,1,1,2,2,2,2,7101,1,2,1,2,2,2,1
12B193,14,40118,4,1,0,1,2,221,1,31,6,5,1,1,1,2,2,2,2,1,0,0,,0,0,0,0,0,0,,0,0,0,0,0,,0,0,,0,0,0,0,0,0,0,0,0,,0,0,0,0,0,,0,0,,0,0,0,0,0,0,0,0,0,0,,0,0,0,1,3,,120,1,4,,3,4,1,0,,1,2,2,2,2,1,1,1,2,0,1,1,1,2,1,18790,1,3,1,0,0,0,2
12B193,14,40118,1,1,0,1,2,221,1,83,7,5,8,1,2,2,2,1,2,2,0,0,,0,0,0,0,0,0,,0,0,0,0,0,,0,0,,0,0,0,0,0,0,0,0,0,,0,0,0,0,0,,2,4,,1,1,2,2,1,2,0,2,1,1,,0,0,0,0,0,,30,1,3,,1,1,2,0,,2,2,2,2,2,2,1,2,1,6,1,1,2,1,1,41558,3,3,1,0,0,2,1
11B193,14,40119,4,1,0,1,2,221,2,58,2,6,4,1,1,1,2,2,2,2,1,5,,2,2,1,2,2,2,,2,0,2,1,1,,0,0,,0,0,0,0,0,0,0,0,0,,0,0,0,0,0,,0,0,,0,0,0,0,0,0,0,0,0,0,,0,0,0,0,0,,40,2,0,,2,3,2,0,,2,2,2,2,2,2,2,0,1,1,1,1,1,1,1,15430,1,1,1,2,0,0,1
11B193,14,40119,2,1,0,1,2,221,1,36,3,3,1,1,1,2,2,1,2,2,0,0,,0,0,0,0,0,0,,0,0,0,0,0,,0,0,,0,0,0,0,0,0,0,0,0,,0,0,0,0,0,,3,3,,2,1,2,2,1,3,30,2,1,1,,0,0,0,0,0,,30,2,0,,2,2,2,0,,2,2,2,2,2,2,2,0,2,0,1,1,1,2,2,16953,1,3,1,0,0,2,1
11B193,14,40119,3,1,0,1,2,221,2,38,3,3,4,1,2,2,2,2,2,1,0,0,,0,0,0,0,0,0,,0,0,0,0,0,,0,0,,0,0,0,0,0,0,0,0,0,,0,0,0,0,0,,0,0,,0,0,0,0,0,0,0,0,0,0,,0,0,0,5,4,,20,2,0,,2,2,2,0,,2,2,2,2,2,2,2,0,1,1,1,1,1,2,2,22943,3,3,1,0,0,0,2
11B196,14,40124,1,1,0,5,2,221,1,20,4,3,1,1,2,1,2,2,2,2,3,6,SE LOS RECOMENDARON,2,2,2,1,2,2,,3,850,2,1,1,,0,0,,0,0,0,0,0,0,0,0,0,,0,0,0,0,0,,0,0,,0,0,0,0,0,0,0,0,0,0,,0,0,0,0,0,,60,2,0,,2,3,2,0,,2,2,2,2,1,1,3,0,1,5,1,1,1,1,1,41773,3,1,1,2,0,0,1
11B196,14,40124,3,1,0,1,2,221,1,46,7,4,1,1,1,1,2,1,2,1,1,3,,2,1,2,2,2,2,,3,450,2,1,1,,0,0,,0,0,0,0,0,0,0,0,0,,0,0,0,0,0,,1,3,,1,2,1,1,1,3,20,2,1,2,,0,0,0,2,3,,15,2,0,,3,3,1,0,,1,2,2,1,1,1,1,2,1,1,1,2,1,2,1,8098,1,2,1,2,0,2,1
11B196,14,40124,4,1,0,2,2,221,2,23,4,3,7,1,1,2,1,2,2,1,0,0,,0,0,0,0,0,0,,0,0,0,0,0,,5,3,,2,2,2,2,2,2,1,2,2,,2,0,2,1,1,,0,0,,0,0,0,0,0,0,0,0,0,0,,0,0,0,2,3,,60,2,0,,2,3,2,0,,2,2,2,2,1,1,1,2,1,2,1,1,1,1,1,19326,1,3,1,0,2,0,1
11B196,14,40124,2,1,0,1,2,221,1,60,7,4,1,1,1,2,2,1,2,1,0,0,,0,0,0,0,0,0,,0,0,0,0,0,,0,0,,0,0,0,0,0,0,0,0,0,,0,0,0,0,0,,2,3,,1,2,2,2,1,3,30,2,1,1,,0,0,0,2,3,,30,2,0,,3,3,2,0,,2,2,2,2,2,2,2,0,2,0,1,1,1,2,1,13963,1,3,1,0,0,2,1
11B196,14,40126,3,1,0,2,2,221,2,30,7,4,7,1,1,1,2,2,2,1,3,4,,2,2,2,1,2,2,,2,0,2,1,1,,0,0,,0,0,0,0,0,0,0,0,0,,0,0,0,0,0,,0,0,,0,0,0,0,0,0,0,0,0,0,,0,0,0,3,3,,40,2,0,,2,4,2,0,,2,2,2,2,1,1,2,0,1,1,1,1,2,1,1,13796,1,2,1,2,0,0,1
11B196,14,40126,1,1,0,1,2,221,1,62,3,3,8,1,2,2,2,2,2,2,0,0,,0,0,0,0,0,0,,0,0,0,0,0,,0,0,,0,0,0,0,0,0,0,0,0,,0,0,0,0,0,,0,0,,0,0,0,0,0,0,0,0,0,0,,0,0,0,0,0,,0,0,0,,0,0,0,5,,2,2,2,2,2,2,2,0,2,0,1,2,1,1,2,14182,4,4,2,0,0,0,2
11B196,14,40126,4,1,0,3,2,221,1,28,7,1,1,1,1,1,2,2,1,1,4,4,,2,2,2,1,2,2,,3,1500,2,1,1,,0,0,,0,0,0,0,0,0,0,0,0,,0,0,0,0,0,,0,0,,0,0,0,0,0,0,0,0,0,0,,3,1,2,1,2,,60,1,6,,2,3,1,0,,1,1,2,1,2,1,2,0,1,2,1,2,1,2,2,32807,1,2,1,2,0,0,1
12A192,14,40129,2,1,0,1,2,221,1,57,2,6,1,1,2,2,2,2,2,2,0,0,,0,0,0,0,0,0,,0,0,0,0,0,,0,0,,0,0,0,0,0,0,0,0,0,,0,0,0,0,0,,0,0,,0,0,0,0,0,0,0,0,0,0,,0,0,0,0,0,,0,0,0,,0,0,0,1,,2,2,2,2,2,2,2,0,2,0,1,2,1,2,2,32393,4,4,2,0,0,0,2
12A192,14,40129,4,1,0,1,2,221,2,32,3,3,1,1,2,2,2,2,2,2,0,0,,0,0,0,0,0,0,,0,0,0,0,0,,0,0,,0,0,0,0,0,0,0,0,0,,0,0,0,0,0,,0,0,,0,0,0,0,0,0,0,0,0,0,,0,0,0,0,0,,0,0,0,,0,0,0,4,,2,2,2,2,2,2,2,0,2,0,1,2,1,2,2,15755,4,4,2,0,0,0,2
12A192,14,40129,1,1,0,3,2,221,2,23,3,3,7,1,2,2,2,2,2,2,0,0,,0,0,0,0,0,0,,0,0,0,0,0,,0,0,,0,0,0,0,0,0,0,0,0,,0,0,0,0,0,,0,0,,0,0,0,0,0,0,0,0,0,0,,0,0,0,0,0,,0,0,0,,0,0,0,3,,2,2,2,2,2,2,2,0,2,0,1,1,1,1,1,33625,4,4,2,0,0,0,2
12A192,14,40129,3,1,0,1,2,221,2,38,3,3,1,1,2,2,2,2,2,2,0,0,,0,0,0,0,0,0,,0,0,0,0,0,,0,0,,0,0,0,0,0,0,0,0,0,,0,0,0,0,0,,0,0,,0,0,0,0,0,0,0,0,0,0,,0,0,0,0,0,,0,0,0,,0,0,0,4,,2,2,2,2,2,2,2,0,2,0,1,2,2,2,2,8109,4,4,2,0,0,0,2
11A192,14,40132,1,1,0,2,2,221,2,60,3,2,7,1,1,2,1,1,2,1,0,0,,0,0,0,0,0,0,,0,0,0,0,0,,2,4,,2,2,2,2,2,2,2,1,2,,2,0,2,1,1,,5,3,,1,1,1,2,2,3,80,2,1,1,,0,0,0,2,4,,30,2,0,,3,4,2,0,,2,2,2,2,2,1,2,0,2,0,1,2,1,1,1,11430,1,3,1,0,2,2,1
11A192,14,40132,4,1,0,1,2,221,2,77,2,1,7,1,2,2,2,2,2,2,0,0,,0,0,0,0,0,0,,0,0,0,0,0,,0,0,,0,0,0,0,0,0,0,0,0,,0,0,0,0,0,,0,0,,0,0,0,0,0,0,0,0,0,0,,0,0,0,0,0,,0,0,0,,0,0,0,5,,2,2,2,2,2,2,2,0,2,0,1,2,2,1,2,6735,4,4,2,0,0,0,2
11A192,14,40132,3,1,0,1,2,221,1,27,4,3,1,1,1,1,2,2,2,1,2,6,POR RECOMENDACIÓN,2,2,2,1,2,2,,3,600,2,1,1,,0,0,,0,0,0,0,0,0,0,0,0,,0,0,0,0,0,,0,0,,0,0,0,0,0,0,0,0,0,0,,0,0,0,1,3,,15,2,0,,2,3,1,0,,2,2,2,1,2,2,2,0,2,0,1,1,1,1,2,26176,1,2,1,2,0,0,1
13A192,14,40133,3,1,0,1,2,221,1,38,2,3,1,1,2,2,2,2,2,2,0,0,,0,0,0,0,0,0,,0,0,0,0,0,,0,0,,0,0,0,0,0,0,0,0,0,,0,0,0,0,0,,0,0,,0,0,0,0,0,0,0,0,0,0,,0,0,0,0,0,,0,0,0,,0,0,0,4,,2,2,2,2,2,2,2,0,2,0,1,2,1,2,2,26200,4,4,2,0,0,0,2
13A192,14,40133,4,1,0,1,2,221,1,28,3,3,1,1,2,2,2,2,2,2,0,0,,0,0,0,0,0,0,,0,0,0,0,0,,0,0,,0,0,0,0,0,0,0,0,0,,0,0,0,0,0,,0,0,,0,0,0,0,0,0,0,0,0,0,,0,0,0,0,0,,0,0,0,,0,0,0,3,,2,2,2,2,2,2,2,0,2,0,1,2,2,2,2,13652,4,4,2,0,0,0,2
13A192,14,40133,2,1,0,2,2,221,2,42,3,3,7,1,2,2,2,2,2,2,0,0,,0,0,0,0,0,0,,0,0,0,0,0,,0,0,,0,0,0,0,0,0,0,0,0,,0,0,0,0,0,,0,0,,0,0,0,0,0,0,0,0,0,0,,0,0,0,0,0,,0,0,0,,0,0,0,1,,2,2,2,2,2,2,2,0,2,0,1,2,1,2,1,23638,4,4,2,0,0,0,2
13A192,14,40135,1,1,0,3,2,221,2,36,7,4,1,1,1,1,1,2,2,2,3,3,,2,1,2,1,2,2,,1,0,1,2,1,,3,3,,2,2,1,2,2,2,2,2,2,,1,0,1,2,1,,0,0,,0,0,0,0,0,0,0,0,0,0,,0,0,0,0,0,,30,2,0,,3,2,1,0,,2,2,2,2,1,1,1,1,1,3,1,2,2,2,1,16715,1,2,1,1,1,0,1
13A192,14,40135,3,1,0,1,2,221,2,56,4,3,7,1,1,1,1,2,1,1,3,4,,2,2,1,2,2,2,,1,0,1,2,1,,4,4,,2,2,2,1,2,2,2,2,2,,2,0,2,1,1,,0,0,,0,0,0,0,0,0,0,0,0,0,,5,2,1,2,4,,30,2,0,,4,3,1,0,,2,2,2,2,1,1,1,2,1,2,1,1,1,1,1,25295,1,2,1,1,2,0,1
13A192,14,40135,4,1,1,4,2,221,2,31,4,3,1,1,1,2,2,1,2,2,0,0,,0,0,0,0,0,0,,0,0,0,0,0,,0,0,,0,0,0,0,0,0,0,0,0,,0,0,0,0,0,,7,3,,1,1,1,1,1,3,98,2,1,1,,0,0,0,0,0,,10,1,3,,2,2,2,0,,2,1,2,2,2,2,2,0,1,1,1,1,1,2,2,56835,1,3,1,0,0,2,1
13B193,14,40158,1,1,0,1,2,221,1,58,4,1,1,1,1,2,1,2,2,1,0,0,,0,0,0,0,0,0,,0,0,0,0,0,,10,1,,2,2,1,2,2,1,2,2,2,,1,0,1,2,1,,0,0,,0,0,0,0,0,0,0,0,0,0,,0,0,0,1,1,,90,1,4,,2,3,1,0,,1,1,2,2,1,2,2,0,1,6,1,2,1,1,2,8846,1,3,1,0,1,0,1
13B193,14,40158,2,1,0,3,2,221,2,19,4,3,6,1,1,1,2,2,2,1,60,4,,2,2,2,1,2,2,,3,10000,1,1,1,,0,0,,0,0,0,0,0,0,0,0,0,,0,0,0,0,0,,0,0,,0,0,0,0,0,0,0,0,0,0,,0,0,0,1,4,,180,1,5,,1,3,1,0,,2,1,2,1,2,2,2,0,2,0,1,1,1,1,1,48973,1,2,1,3,0,0,1
13B193,14,40158,4,1,0,1,2,221,1,40,3,2,1,1,2,2,1,2,2,2,0,0,,0,0,0,0,0,0,,0,0,0,0,0,,2,4,,2,2,1,2,2,1,2,2,2,,2,0,2,1,1,,0,0,,0,0,0,0,0,0,0,0,0,0,,0,0,0,0,0,,60,2,0,,2,1,2,0,,2,2,2,2,2,2,2,0,2,0,1,3,3,2,2,9817,3,3,1,0,2,0,1
13B193,14,40158,3,1,0,2,2,221,2,68,2,6,7,1,2,2,2,2,2,2,0,0,,0,0,0,0,0,0,,0,0,0,0,0,,0,0,,0,0,0,0,0,0,0,0,0,,0,0,0,0,0,,0,0,,0,0,0,0,0,0,0,0,0,0,,0,0,0,0,0,,0,0,0,,0,0,0,2,,2,2,2,2,2,2,2,0,2,0,1,2,2,2,2,52659,4,4,2,0,0,0,2
11B196,14,40167,1,1,0,3,2,221,2,31,7,4,1,1,1,1,2,2,2,2,3,3,,2,2,2,1,2,2,,3,1000,2,1,1,,0,0,,0,0,0,0,0,0,0,0,0,,0,0,0,0,0,,0,0,,0,0,0,0,0,0,0,0,0,0,,0,0,0,0,0,,45,2,0,,3,3,1,0,,1,2,2,2,2,2,2,0,2,0,1,2,2,2,2,21229,1,1,1,2,0,0,1
11B196,14,40167,2,1,0,2,2,221,2,76,2,6,7,1,2,2,2,2,2,2,0,0,,0,0,0,0,0,0,,0,0,0,0,0,,0,0,,0,0,0,0,0,0,0,0,0,,0,0,0,0,0,,0,0,,0,0,0,0,0,0,0,0,0,0,,0,0,0,0,0,,0,0,0,,0,0,0,1,,2,2,2,2,2,2,2,0,2,0,1,2,2,2,2,12991,4,4,2,0,0,0,2
11B187,14,40168,3,1,1,2,2,221,2,29,4,2,1,1,2,2,1,2,2,2,0,0,,0,0,0,0,0,0,,0,0,0,0,0,,5,4,,2,2,1,2,2,1,2,2,2,,2,0,2,1,2,,0,0,,0,0,0,0,0,0,0,0,0,0,,0,0,0,0,0,,30,1,6,,2,2,2,0,,2,2,2,2,2,2,2,0,2,0,1,1,2,1,2,12726,3,3,1,0,2,0,1
11B187,14,40168,1,1,0,2,2,221,1,58,6,2,3,1,2,2,2,2,2,2,0,0,,0,0,0,0,0,0,,0,0,0,0,0,,0,0,,0,0,0,0,0,0,0,0,0,,0,0,0,0,0,,0,0,,0,0,0,0,0,0,0,0,0,0,,0,0,0,0,0,,0,0,0,,0,0,0,2,,2,2,2,2,2,2,2,0,2,0,1,1,2,1,2,13083,4,4,2,0,0,0,2
11B187,14,40168,4,1,0,3,2,221,2,22,4,3,6,1,1,1,2,2,2,1,12,2,,2,1,2,2,2,2,,3,5000,1,1,1,,0,0,,0,0,0,0,0,0,0,0,0,,0,0,0,0,0,,0,0,,0,0,0,0,0,0,0,0,0,0,,0,0,0,1,2,,120,2,0,,1,3,1,0,,2,2,2,2,2,2,2,0,1,5,1,1,1,1,1,27161,1,2,1,3,0,0,1
11B187,14,40168,2,1,0,2,2,221,2,37,3,3,7,1,2,1,2,2,1,2,2,6,PARA APOYAR EN LAS TAREAS A SU HIJA,2,2,2,1,2,2,,1,0,1,2,1,,0,0,,0,0,0,0,0,0,0,0,0,,0,0,0,0,0,,0,0,,0,0,0,0,0,0,0,0,0,0,,5,2,1,0,0,,30,2,0,,1,1,1,0,,2,2,2,2,2,2,2,0,2,0,1,1,2,1,1,13100,3,2,1,1,0,0,1
12B187,14,40169,1,1,1,1,2,221,2,52,2,6,3,1,1,2,1,2,1,2,0,0,,0,0,0,0,0,0,,0,0,0,0,0,,3,4,,1,2,2,1,2,2,2,2,2,,3,75,2,1,1,,0,0,,0,0,0,0,0,0,0,0,0,0,,2,2,1,0,0,,30,2,0,,2,2,1,0,,2,1,2,2,1,2,2,0,1,1,1,1,1,1,1,13281,1,3,1,0,2,0,1
12B187,14,40169,2,1,0,1,2,221,2,47,7,5,1,1,1,2,2,2,2,1,0,0,,0,0,0,0,0,0,,0,0,0,0,0,,0,0,,0,0,0,0,0,0,0,0,0,,0,0,0,0,0,,0,0,,0,0,0,0,0,0,0,0,0,0,,0,0,0,5,3,,5,2,0,,2,2,2,0,,2,1,2,2,1,2,2,0,1,1,1,2,1,2,2,13281,1,3,1,0,0,0,2
12B187,14,40169,3,1,0,1,2,221,1,40,3,3,1,1,1,2,2,1,2,2,0,0,,0,0,0,0,0,0,,0,0,0,0,0,,0,0,,0,0,0,0,0,0,0,0,0,,0,0,0,0,0,,1,4,,2,2,2,1,2,2,0,2,1,4,,0,0,0,0,0,,30,2,0,,1,2,1,0,,2,2,2,2,2,1,1,2,1,2,1,1,1,2,2,15747,1,3,1,0,0,2,1
12B187,14,40169,4,1,0,3,2,221,2,20,3,3,1,1,1,1,2,2,1,1,1,4,,2,2,1,2,2,2,,1,0,1,2,1,,0,0,,0,0,0,0,0,0,0,0,0,,0,0,0,0,0,,0,0,,0,0,0,0,0,0,0,0,0,0,,5,1,2,1,3,,10,2,0,,3,3,1,0,,2,2,1,1,1,1,1,2,1,1,1,1,1,1,1,29457,1,2,1,1,0,0,1
12B187,14,40170,4,1,0,1,2,221,2,55,2,6,7,1,2,2,2,2,2,2,0,0,,0,0,0,0,0,0,,0,0,0,0,0,,0,0,,0,0,0,0,0,0,0,0,0,,0,0,0,0,0,,0,0,,0,0,0,0,0,0,0,0,0,0,,0,0,0,0,0,,0,0,0,,0,0,0,2,,2,2,2,2,2,2,2,0,2,0,1,2,1,1,2,7803,4,4,2,0,0,0,2
12B187,14,40170,1,1,0,1,2,221,2,59,3,3,7,1,2,2,2,2,2,2,0,0,,0,0,0,0,0,0,,0,0,0,0,0,,0,0,,0,0,0,0,0,0,0,0,0,,0,0,0,0,0,,0,0,,0,0,0,0,0,0,0,0,0,0,,0,0,0,0,0,,0,0,0,,0,0,0,2,,2,2,2,2,2,2,2,0,2,0,1,2,1,2,2,39015,4,4,2,0,0,0,2
12B187,14,40170,3,1,1,2,2,221,2,28,3,3,4,1,2,2,2,2,2,2,0,0,,0,0,0,0,0,0,,0,0,0,0,0,,0,0,,0,0,0,0,0,0,0,0,0,,0,0,0,0,0,,0,0,,0,0,0,0,0,0,0,0,0,0,,0,0,0,0,0,,0,0,0,,0,0,0,3,,2,2,2,2,2,2,2,0,2,0,1,2,1,2,1,15028,4,4,2,0,0,0,2
12B187,14,40170,2,1,0,1,2,221,1,51,2,1,1,1,2,2,2,2,2,2,0,0,,0,0,0,0,0,0,,0,0,0,0,0,,0,0,,0,0,0,0,0,0,0,0,0,,0,0,0,0,0,,0,0,,0,0,0,0,0,0,0,0,0,0,,0,0,0,0,0,,0,0,0,,0,0,0,1,,2,2,2,2,2,2,2,0,1,1,1,1,1,2,2,26880,4,4,2,0,0,0,2
12B187,14,40171,4,1,0,2,2,221,2,56,6,3,7,1,1,2,1,2,2,2,0,0,,0,0,0,0,0,0,,0,0,0,0,0,,5,4,,2,2,2,1,2,2,2,1,2,,2,0,2,1,1,,0,0,,0,0,0,0,0,0,0,0,0,0,,0,0,0,0,0,,30,2,0,,2,3,2,0,,2,2,2,2,2,2,2,0,1,3,1,1,2,1,1,29361,1,3,1,0,2,0,1
12B187,14,40171,2,1,0,2,2,221,2,63,6,5,7,1,1,1,2,2,2,2,6,3,,2,1,2,2,2,2,,2,0,2,1,1,,0,0,,0,0,0,0,0,0,0,0,0,,0,0,0,0,0,,0,0,,0,0,0,0,0,0,0,0,0,0,,0,0,0,0,0,,120,2,0,,2,1,1,0,,2,2,2,2,1,1,1,1,1,5,1,2,2,1,2,14680,1,1,1,2,0,0,1
12B187,14,40171,1,1,1,1,2,221,1,57,6,5,3,1,1,2,2,1,2,2,0,0,,0,0,0,0,0,0,,0,0,0,0,0,,0,0,,0,0,0,0,0,0,0,0,0,,0,0,0,0,0,,5,3,,1,1,2,2,1,1,0,1,2,1,,0,0,0,0,0,,60,2,0,,2,3,2,0,,2,1,2,2,2,1,1,1,1,5,1,1,1,1,1,21799,1,3,1,0,0,1,1
12B187,14,40171,3,1,1,2,2,221,2,30,7,4,1,1,2,2,2,2,2,2,0,0,,0,0,0,0,0,0,,0,0,0,0,0,,0,0,,0,0,0,0,0,0,0,0,0,,0,0,0,0,0,,0,0,,0,0,0,0,0,0,0,0,0,0,,0,0,0,0,0,,0,0,0,,0,0,0,3,,1,2,2,2,1,2,2,0,2,0,1,1,1,2,2,14137,4,4,2,0,0,0,2
12B187,14,40172,1,1,0,2,2,221,2,32,2,6,1,1,2,2,2,2,2,2,0,0,,0,0,0,0,0,0,,0,0,0,0,0,,0,0,,0,0,0,0,0,0,0,0,0,,0,0,0,0,0,,0,0,,0,0,0,0,0,0,0,0,0,0,,0,0,0,0,0,,0,0,0,,0,0,0,1,,2,2,2,2,2,1,2,0,1,1,1,1,1,1,2,16474,4,4,2,0,0,0,2
12B187,14,40172,3,1,0,3,2,221,2,20,4,2,6,1,1,1,2,1,1,2,6,4,,2,2,2,1,1,2,,1,0,1,2,1,,0,0,,0,0,0,0,0,0,0,0,0,,0,0,0,0,0,,1,4,,2,1,1,1,1,1,0,1,2,1,,3,1,2,0,0,,130,2,0,,4,4,1,0,,2,2,2,2,1,2,1,2,1,1,1,1,1,1,1,35159,1,2,1,1,0,1,1
12B187,14,40172,4,1,0,1,2,221,1,77,2,4,1,1,1,2,1,2,2,2,0,0,,0,0,0,0,0,0,,0,0,0,0,0,,2,3,,1,2,2,2,2,2,2,1,2,,2,0,2,1,1,,0,0,,0,0,0,0,0,0,0,0,0,0,,0,0,0,0,0,,20,2,0,,1,2,2,0,,2,2,2,2,2,1,1,1,1,1,1,2,1,1,1,10830,1,3,1,0,2,0,1
12B187,14,40172,2,1,0,1,2,221,1,56,2,6,1,1,1,1,1,1,2,2,2,4,,2,2,2,1,2,2,,2,0,2,1,1,,2,4,,2,2,2,2,2,2,2,1,2,,2,0,2,1,1,,1,4,,2,1,2,2,1,3,10,2,1,1,,0,0,0,0,0,,30,2,0,,4,2,2,0,,2,1,2,2,1,1,2,0,1,1,1,2,1,2,2,16935,1,2,1,2,2,2,1
11B187,14,40213,4,1,0,1,2,221,2,33,4,3,1,1,2,2,2,2,2,2,0,0,,0,0,0,0,0,0,,0,0,0,0,0,,0,0,,0,0,0,0,0,0,0,0,0,,0,0,0,0,0,,0,0,,0,0,0,0,0,0,0,0,0,0,,0,0,0,0,0,,0,0,0,,0,0,0,3,,2,2,2,2,2,1,2,0,2,0,1,2,2,1,1,23701,4,4,2,0,0,0,2
11B187,14,40213,3,1,0,4,2,221,1,21,3,3,1,1,2,2,2,2,2,2,0,0,,0,0,0,0,0,0,,0,0,0,0,0,,0,0,,0,0,0,0,0,0,0,0,0,,0,0,0,0,0,,0,0,,0,0,0,0,0,0,0,0,0,0,,0,0,0,0,0,,0,0,0,,0,0,0,1,,2,2,2,2,2,2,2,0,2,0,1,2,2,2,2,36445,4,4,2,0,0,0,2
11B187,14,40213,2,1,0,3,2,221,2,23,3,3,1,1,1,2,2,2,2,1,0,0,,0,0,0,0,0,0,,0,0,0,0,0,,0,0,,0,0,0,0,0,0,0,0,0,,0,0,0,0,0,,0,0,,0,0,0,0,0,0,0,0,0,0,,0,0,0,2,4,,20,2,0,,2,4,1,0,,2,2,2,2,2,1,1,2,2,0,1,2,1,1,2,25292,1,3,1,0,0,0,2
11B187,14,40213,1,1,0,2,2,221,2,53,3,3,2,1,1,2,1,2,2,2,0,0,,0,0,0,0,0,0,,0,0,0,0,0,,9,5,,2,2,2,2,1,2,2,2,2,,3,300,2,1,2,,0,0,,0,0,0,0,0,0,0,0,0,0,,0,0,0,0,0,,45,1,7,REZAR,2,4,2,0,,2,2,2,2,2,1,1,2,1,1,1,1,1,1,1,17105,1,3,1,0,2,0,1
13B196,14,40214,1,1,0,1,2,221,2,43,6,3,5,1,2,2,2,1,2,1,0,0,,0,0,0,0,0,0,,0,0,0,0,0,,0,0,,0,0,0,0,0,0,0,0,0,,0,0,0,0,0,,2,6,PARA BUSCAR TRABAJO,2,2,2,2,2,3,20,2,1,1,,0,0,0,5,4,,30,1,5,,2,3,2,0,,2,2,2,2,2,2,2,0,2,0,1,2,2,2,2,13565,3,3,1,0,0,2,1
13B196,14,40214,2,1,0,2,2,221,2,23,4,3,7,1,2,2,2,2,2,2,0,0,,0,0,0,0,0,0,,0,0,0,0,0,,0,0,,0,0,0,0,0,0,0,0,0,,0,0,0,0,0,,0,0,,0,0,0,0,0,0,0,0,0,0,,0,0,0,0,0,,0,0,0,,0,0,0,3,,2,2,2,2,2,1,2,0,1,1,1,1,3,1,1,18750,4,4,2,0,0,0,2
13B187,14,40218,4,1,0,2,2,221,2,55,3,3,3,1,2,2,2,2,2,2,0,0,,0,0,0,0,0,0,,0,0,0,0,0,,0,0,,0,0,0,0,0,0,0,0,0,,0,0,0,0,0,,0,0,,0,0,0,0,0,0,0,0,0,0,,0,0,0,0,0,,0,0,0,,0,0,0,1,,2,2,2,2,2,2,2,0,2,0,1,2,1,2,2,16529,4,4,2,0,0,0,2
13B187,14,40218,3,1,0,1,2,221,1,44,7,4,1,1,2,2,2,2,2,2,0,0,,0,0,0,0,0,0,,0,0,0,0,0,,0,0,,0,0,0,0,0,0,0,0,0,,0,0,0,0,0,,0,0,,0,0,0,0,0,0,0,0,0,0,,0,0,0,0,0,,0,0,0,,0,0,0,3,,2,2,2,2,2,1,2,0,2,0,1,2,2,2,2,18160,4,4,2,0,0,0,2
13B187,14,40218,2,1,0,1,2,221,2,42,3,3,1,1,2,2,1,2,2,2,0,0,,0,0,0,0,0,0,,0,0,0,0,0,,1,4,,2,2,2,1,2,2,2,2,2,,2,0,2,1,1,,0,0,,0,0,0,0,0,0,0,0,0,0,,0,0,0,0,0,,10,2,0,,2,1,1,0,,2,2,2,2,2,2,2,0,2,0,1,2,1,2,1,24577,3,3,1,0,2,0,1
13B187,14,40218,1,1,0,1,2,221,1,57,4,3,1,1,2,2,2,2,2,2,0,0,,0,0,0,0,0,0,,0,0,0,0,0,,0,0,,0,0,0,0,0,0,0,0,0,,0,0,0,0,0,,0,0,,0,0,0,0,0,0,0,0,0,0,,0,0,0,0,0,,0,0,0,,0,0,0,1,,2,2,2,2,2,2,2,0,2,0,1,2,2,2,2,16363,4,4,2,0,0,0,2
11B187,14,40219,2,1,0,1,2,221,1,28,4,3,1,1,1,1,2,1,2,1,2,4,,1,2,2,2,2,2,,3,300,2,1,1,,0,0,,0,0,0,0,0,0,0,0,0,,0,0,0,0,0,,2,3,,2,1,2,1,1,3,30,2,1,1,,0,0,0,5,3,,10,2,0,,2,3,2,0,,2,1,2,1,2,1,1,1,1,1,1,1,2,1,1,27812,1,2,1,2,0,2,1
11B187,14,40219,3,1,0,1,2,221,1,57,2,3,1,1,2,2,2,2,2,2,0,0,,0,0,0,0,0,0,,0,0,0,0,0,,0,0,,0,0,0,0,0,0,0,0,0,,0,0,0,0,0,,0,0,,0,0,0,0,0,0,0,0,0,0,,0,0,0,0,0,,0,0,0,,0,0,0,3,,2,2,2,2,2,2,2,0,2,0,1,2,1,2,2,24045,4,4,2,0,0,0,2
11B187,14,40219,4,1,0,2,2,221,2,39,2,6,1,1,2,2,2,2,2,2,0,0,,0,0,0,0,0,0,,0,0,0,0,0,,0,0,,0,0,0,0,0,0,0,0,0,,0,0,0,0,0,,0,0,,0,0,0,0,0,0,0,0,0,0,,0,0,0,0,0,,0,0,0,,0,0,0,1,,2,2,2,2,2,2,2,0,1,1,1,2,1,2,2,16051,4,4,2,0,0,0,2
12A192,14,40223,1,1,0,1,2,221,1,33,7,2,1,1,2,2,1,2,2,1,0,0,,0,0,0,0,0,0,,0,0,0,0,0,,5,4,,1,2,2,2,2,1,2,2,2,,1,0,1,2,2,,0,0,,0,0,0,0,0,0,0,0,0,0,,0,0,0,1,4,,120,1,6,,4,4,2,0,,1,2,2,2,2,1,2,0,1,4,1,1,1,1,1,16870,3,3,1,0,1,0,1
12A192,14,40223,4,1,0,2,2,221,2,40,4,3,7,1,2,2,2,2,2,2,0,0,,0,0,0,0,0,0,,0,0,0,0,0,,0,0,,0,0,0,0,0,0,0,0,0,,0,0,0,0,0,,0,0,,0,0,0,0,0,0,0,0,0,0,,0,0,0,0,0,,0,0,0,,0,0,0,1,,2,2,2,2,2,2,2,0,2,0,1,2,2,2,2,14604,4,4,2,0,0,0,2
12A192,14,40223,2,1,0,1,2,221,1,50,4,3,1,1,1,1,2,2,2,1,5,4,,2,2,1,2,2,2,,3,2000,1,1,1,,0,0,,0,0,0,0,0,0,0,0,0,,0,0,0,0,0,,0,0,,0,0,0,0,0,0,0,0,0,0,,0,0,0,2,4,,60,2,0,,3,2,2,0,,2,2,2,2,1,1,1,2,1,4,1,2,2,1,2,16917,1,2,1,3,0,0,1
12A192,14,40223,3,1,1,1,2,221,1,32,4,3,1,1,1,1,2,2,2,1,5,4,,2,2,1,2,2,2,,3,2000,1,1,1,,0,0,,0,0,0,0,0,0,0,0,0,,0,0,0,0,0,,0,0,,0,0,0,0,0,0,0,0,0,0,,0,0,0,2,4,,60,2,0,,3,2,2,0,,2,2,2,2,1,1,1,2,2,0,1,2,2,1,2,16870,1,2,1,3,0,0,1
12B194,14,40297,3,1,0,1,2,221,1,47,8,2,1,1,2,2,2,2,2,2,0,0,,0,0,0,0,0,0,,0,0,0,0,0,,0,0,,0,0,0,0,0,0,0,0,0,,0,0,0,0,0,,0,0,,0,0,0,0,0,0,0,0,0,0,,0,0,0,0,0,,0,0,0,,0,0,0,3,,2,2,2,2,2,2,2,0,2,0,1,2,2,2,2,22642,4,4,2,0,0,0,2
12B194,14,40297,4,1,0,2,2,221,2,48,4,3,7,1,2,2,2,2,2,2,0,0,,0,0,0,0,0,0,,0,0,0,0,0,,0,0,,0,0,0,0,0,0,0,0,0,,0,0,0,0,0,,0,0,,0,0,0,0,0,0,0,0,0,0,,0,0,0,0,0,,0,0,0,,0,0,0,3,,2,2,2,2,2,1,2,0,1,2,1,1,1,2,2,18272,4,4,2,0,0,0,2
12B194,14,40297,2,1,0,1,2,221,1,33,3,3,1,1,2,2,2,2,2,2,0,0,,0,0,0,0,0,0,,0,0,0,0,0,,0,0,,0,0,0,0,0,0,0,0,0,,0,0,0,0,0,,0,0,,0,0,0,0,0,0,0,0,0,0,,0,0,0,0,0,,0,0,0,,0,0,0,3,,2,2,2,2,2,2,2,0,1,2,1,1,1,1,1,15052,4,4,2,0,0,0,2
12B194,14,40297,1,1,0,1,2,221,1,55,4,3,4,1,1,2,2,1,2,1,0,0,,0,0,0,0,0,0,,0,0,0,0,0,,0,0,,0,0,0,0,0,0,0,0,0,,0,0,0,0,0,,3,3,,2,1,1,2,1,3,90,2,1,1,,0,0,0,2,3,,60,2,0,,4,3,2,0,,2,2,2,2,2,1,2,0,1,2,1,2,1,1,1,39040,1,3,1,0,0,2,1
12B194,14,40298,1,1,0,2,2,221,2,55,4,3,1,1,2,2,2,2,2,2,0,0,,0,0,0,0,0,0,,0,0,0,0,0,,0,0,,0,0,0,0,0,0,0,0,0,,0,0,0,0,0,,0,0,,0,0,0,0,0,0,0,0,0,0,,0,0,0,0,0,,0,0,0,,0,0,0,1,,2,2,2,2,2,2,2,0,1,1,1,2,2,1,2,15417,4,4,2,0,0,0,2
12B194,14,40298,3,1,0,1,2,221,2,64,3,3,7,1,2,2,2,2,2,2,0,0,,0,0,0,0,0,0,,0,0,0,0,0,,0,0,,0,0,0,0,0,0,0,0,0,,0,0,0,0,0,,0,0,,0,0,0,0,0,0,0,0,0,0,,0,0,0,0,0,,0,0,0,,0,0,0,1,,2,2,2,2,2,1,2,0,1,6,1,2,2,2,2,7709,4,4,2,0,0,0,2
12B194,14,40298,2,1,0,1,2,221,1,43,5,3,1,1,2,2,2,1,2,2,0,0,,0,0,0,0,0,0,,0,0,0,0,0,,0,0,,0,0,0,0,0,0,0,0,0,,0,0,0,0,0,,2,4,,1,2,2,2,1,2,0,2,1,2,,0,0,0,0,0,,10,1,6,,2,3,2,0,,2,2,2,2,2,1,2,0,1,1,1,1,1,1,2,8469,3,3,1,0,0,2,1
12B194,14,40298,4,1,0,2,2,221,2,40,4,3,7,1,2,2,2,2,2,2,0,0,,0,0,0,0,0,0,,0,0,0,0,0,,0,0,,0,0,0,0,0,0,0,0,0,,0,0,0,0,0,,0,0,,0,0,0,0,0,0,0,0,0,0,,0,0,0,0,0,,0,0,0,,0,0,0,3,,2,2,2,2,2,1,1,2,1,2,1,1,1,1,1,15283,4,4,2,0,0,0,2
11B194,14,40346,1,1,0,3,2,221,1,46,3,3,4,1,1,2,2,2,2,2,0,0,,0,0,0,0,0,0,,0,0,0,0,0,,0,0,,0,0,0,0,0,0,0,0,0,,0,0,0,0,0,,0,0,,0,0,0,0,0,0,0,0,0,0,,0,0,0,0,0,,0,0,0,,0,0,0,1,,2,2,2,2,1,1,1,2,1,2,1,2,2,1,2,47165,2,4,2,0,0,0,2
11B194,14,40346,3,1,0,4,2,221,1,20,4,3,1,1,1,2,1,1,2,1,0,0,,0,0,0,0,0,0,,0,0,0,0,0,,2,4,,1,2,2,2,2,2,2,1,2,,2,0,2,1,5,DENTISTA,1,4,,2,1,2,1,1,2,0,2,1,4,,0,0,0,5,3,,5,2,0,,3,4,1,0,,2,2,2,2,1,1,1,2,1,2,1,1,1,1,1,40549,1,3,1,0,2,2,1
11B194,14,40346,4,1,0,2,2,221,1,30,4,3,1,1,1,1,1,2,1,1,3,4,,2,2,1,2,1,2,,1,0,1,2,1,,5,4,,2,2,2,2,2,2,2,1,2,,3,140,2,1,1,,0,0,,0,0,0,0,0,0,0,0,0,0,,3,1,2,2,4,,20,2,0,,2,3,2,0,,2,2,2,2,2,1,2,0,2,0,1,1,1,1,1,23516,1,2,1,1,2,0,1
11B194,14,40346,2,1,0,2,2,221,2,53,7,3,7,1,1,2,1,2,2,2,0,0,,0,0,0,0,0,0,,0,0,0,0,0,,2,4,,2,2,2,2,2,2,2,1,2,,2,0,2,1,1,,0,0,,0,0,0,0,0,0,0,0,0,0,,0,0,0,0,0,,20,2,0,,2,4,2,0,,2,2,2,2,2,1,2,0,1,1,1,2,2,2,2,19031,1,3,1,0,2,0,1
12B194,14,40348,2,1,0,1,2,221,2,50,3,3,4,1,2,2,2,2,2,2,0,0,,0,0,0,0,0,0,,0,0,0,0,0,,0,0,,0,0,0,0,0,0,0,0,0,,0,0,0,0,0,,0,0,,0,0,0,0,0,0,0,0,0,0,,0,0,0,0,0,,0,0,0,,0,0,0,2,,2,2,2,2,2,2,2,0,2,0,1,2,2,2,2,7049,4,4,2,0,0,0,2
12B194,14,40348,4,1,0,1,2,221,2,38,4,3,1,1,2,2,2,2,2,2,0,0,,0,0,0,0,0,0,,0,0,0,0,0,,0,0,,0,0,0,0,0,0,0,0,0,,0,0,0,0,0,,0,0,,0,0,0,0,0,0,0,0,0,0,,0,0,0,0,0,,0,0,0,,0,0,0,3,,2,2,2,2,2,2,2,0,2,0,1,2,1,2,2,7541,4,4,2,0,0,0,2
12B194,14,40348,1,1,0,2,2,221,2,39,6,2,7,1,2,2,2,2,2,2,0,0,,0,0,0,0,0,0,,0,0,0,0,0,,0,0,,0,0,0,0,0,0,0,0,0,,0,0,0,0,0,,0,0,,0,0,0,0,0,0,0,0,0,0,,0,0,0,0,0,,0,0,0,,0,0,0,1,,2,2,2,2,2,2,2,0,2,0,1,1,1,1,1,22621,4,4,2,0,0,0,2
12B194,14,40351,1,1,0,1,2,221,2,38,7,4,1,1,2,2,2,2,2,1,0,0,,0,0,0,0,0,0,,0,0,0,0,0,,0,0,,0,0,0,0,0,0,0,0,0,,0,0,0,0,0,,0,0,,0,0,0,0,0,0,0,0,0,0,,0,0,0,1,4,,60,2,0,,2,3,2,0,,1,2,2,2,2,2,2,0,2,0,1,2,2,2,2,6870,3,3,1,0,0,0,2
12B194,14,40351,3,1,0,2,2,221,2,23,7,4,1,1,1,1,2,1,1,1,4,4,,2,2,2,1,2,2,,3,1500,2,1,1,,0,0,,0,0,0,0,0,0,0,0,0,,0,0,0,0,0,,7,3,,2,2,1,1,1,1,0,1,2,1,,1,1,2,1,4,,120,2,0,,4,4,1,0,,2,2,2,2,2,2,2,0,1,2,1,1,1,1,2,18992,1,2,1,2,0,1,1
12B194,14,40351,4,1,0,1,2,221,2,63,6,4,7,1,2,2,2,2,2,2,0,0,,0,0,0,0,0,0,,0,0,0,0,0,,0,0,,0,0,0,0,0,0,0,0,0,,0,0,0,0,0,,0,0,,0,0,0,0,0,0,0,0,0,0,,0,0,0,0,0,,0,0,0,,0,0,0,2,,2,2,2,2,2,2,2,0,1,6,1,2,2,2,2,20792,4,4,2,0,0,0,2
13B188,14,40357,3,1,0,1,2,221,1,78,2,6,8,1,2,2,2,2,2,2,0,0,,0,0,0,0,0,0,,0,0,0,0,0,,0,0,,0,0,0,0,0,0,0,0,0,,0,0,0,0,0,,0,0,,0,0,0,0,0,0,0,0,0,0,,0,0,0,0,0,,0,0,0,,0,0,0,2,,2,2,2,2,2,2,2,0,2,0,1,2,1,2,2,34136,4,4,2,0,0,0,2
13B188,14,40357,2,1,0,3,2,221,2,50,3,3,1,1,2,2,2,2,2,2,0,0,,0,0,0,0,0,0,,0,0,0,0,0,,0,0,,0,0,0,0,0,0,0,0,0,,0,0,0,0,0,,0,0,,0,0,0,0,0,0,0,0,0,0,,0,0,0,0,0,,0,0,0,,0,0,0,3,,2,2,2,2,2,2,2,0,1,1,1,1,1,2,2,16654,4,4,2,0,0,0,2
13B188,14,40357,4,1,0,1,2,221,2,55,7,4,1,1,2,2,2,2,2,2,0,0,,0,0,0,0,0,0,,0,0,0,0,0,,0,0,,0,0,0,0,0,0,0,0,0,,0,0,0,0,0,,0,0,,0,0,0,0,0,0,0,0,0,0,,0,0,0,0,0,,0,0,0,,0,0,0,3,,2,2,2,2,2,2,2,0,1,1,1,2,2,2,2,8987,4,4,2,0,0,0,2
13B188,14,40357,1,1,0,2,2,221,1,26,3,3,1,1,2,2,2,2,2,2,0,0,,0,0,0,0,0,0,,0,0,0,0,0,,0,0,,0,0,0,0,0,0,0,0,0,,0,0,0,0,0,,0,0,,0,0,0,0,0,0,0,0,0,0,,0,0,0,0,0,,0,0,0,,0,0,0,2,,2,2,2,2,2,2,2,0,2,0,1,1,2,2,2,20579,4,4,2,0,0,0,2
12B188,14,40360,4,1,0,1,2,221,2,58,6,3,7,1,1,1,1,2,2,2,1,5,,2,2,1,2,2,2,,3,400,2,1,1,,1,4,,2,2,2,2,2,2,2,1,2,,2,0,2,1,1,,0,0,,0,0,0,0,0,0,0,0,0,0,,0,0,0,0,0,,60,2,0,,1,1,1,0,,1,1,2,1,2,1,2,0,1,4,1,2,2,2,1,30883,1,2,1,2,2,0,1
12B188,14,40360,3,1,0,5,2,221,1,39,7,4,1,1,1,2,2,2,2,1,0,0,,0,0,0,0,0,0,,0,0,0,0,0,,0,0,,0,0,0,0,0,0,0,0,0,,0,0,0,0,0,,0,0,,0,0,0,0,0,0,0,0,0,0,,0,0,0,1,3,,45,2,0,,3,3,1,0,,2,2,2,2,1,1,1,2,1,5,1,3,1,3,3,33930,1,3,1,0,0,0,2
12B188,14,40360,1,1,0,2,2,221,2,42,7,5,1,1,1,2,1,1,2,1,0,0,,0,0,0,0,0,0,,0,0,0,0,0,,20,1,,2,2,2,2,2,1,2,2,2,,3,1000,1,1,1,,2,3,,1,2,2,2,2,1,0,1,2,1,,0,0,0,1,1,,30,2,0,,2,4,1,0,,2,2,2,1,2,2,2,0,1,2,1,1,1,1,2,22960,1,3,1,0,3,1,1
11B194,14,40390,3,1,0,3,2,221,2,29,4,3,4,1,2,2,2,2,2,2,0,0,,0,0,0,0,0,0,,0,0,0,0,0,,0,0,,0,0,0,0,0,0,0,0,0,,0,0,0,0,0,,0,0,,0,0,0,0,0,0,0,0,0,0,,0,0,0,0,0,,0,0,0,,0,0,0,3,,2,2,2,2,2,2,2,0,2,0,2,0,0,0,0,22084,4,4,2,0,0,0,2
11B194,14,40390,1,1,0,3,2,221,1,23,7,4,1,1,1,1,2,2,2,1,2,3,,2,2,2,1,1,2,,3,650,2,1,1,,0,0,,0,0,0,0,0,0,0,0,0,,0,0,0,0,0,,0,0,,0,0,0,0,0,0,0,0,0,0,,0,0,0,2,3,,25,1,4,,3,4,1,0,,1,2,2,2,1,1,1,2,1,1,1,1,1,1,1,36223,1,2,1,2,0,0,1
11B194,14,40390,2,1,0,1,2,221,1,57,3,3,1,1,2,2,2,2,2,2,0,0,,0,0,0,0,0,0,,0,0,0,0,0,,0,0,,0,0,0,0,0,0,0,0,0,,0,0,0,0,0,,0,0,,0,0,0,0,0,0,0,0,0,0,,0,0,0,0,0,,0,0,0,,0,0,0,1,,2,2,2,2,2,2,2,0,3,0,1,3,3,3,3,15135,4,4,2,0,0,0,2
11B194,14,40390,4,1,0,1,2,221,2,35,3,3,1,1,2,2,2,2,2,2,0,0,,0,0,0,0,0,0,,0,0,0,0,0,,0,0,,0,0,0,0,0,0,0,0,0,,0,0,0,0,0,,0,0,,0,0,0,0,0,0,0,0,0,0,,0,0,0,0,0,,0,0,0,,0,0,0,1,,2,2,2,2,2,2,2,0,2,0,1,2,2,2,2,7577,4,4,2,0,0,0,2
13B188,14,40398,3,1,0,1,2,221,1,80,3,2,8,1,2,2,2,2,2,2,0,0,,0,0,0,0,0,0,,0,0,0,0,0,,0,0,,0,0,0,0,0,0,0,0,0,,0,0,0,0,0,,0,0,,0,0,0,0,0,0,0,0,0,0,,0,0,0,0,0,,0,0,0,,0,0,0,1,,2,2,2,2,2,2,2,0,2,0,1,2,2,2,2,69540,4,4,2,0,0,0,2
13B188,14,40398,1,1,0,5,2,221,1,80,3,3,8,1,2,2,2,2,2,2,0,0,,0,0,0,0,0,0,,0,0,0,0,0,,0,0,,0,0,0,0,0,0,0,0,0,,0,0,0,0,0,,0,0,,0,0,0,0,0,0,0,0,0,0,,0,0,0,0,0,,0,0,0,,0,0,0,5,,2,2,2,2,1,2,3,0,2,0,1,2,2,2,2,69540,4,4,2,0,0,0,2
13B188,14,40398,4,1,0,1,2,221,2,57,7,2,1,1,2,2,2,2,2,2,0,0,,0,0,0,0,0,0,,0,0,0,0,0,,0,0,,0,0,0,0,0,0,0,0,0,,0,0,0,0,0,,0,0,,0,0,0,0,0,0,0,0,0,0,,0,0,0,0,0,,0,0,0,,0,0,0,2,,2,2,2,2,1,1,2,0,2,0,1,1,2,2,1,27459,4,4,2,0,0,0,2
12B188,14,40399,1,1,0,2,2,221,2,53,8,3,1,1,1,1,2,2,2,1,2,1,,1,1,2,2,2,2,,2,0,1,1,1,,0,0,,0,0,0,0,0,0,0,0,0,,0,0,0,0,0,,0,0,,0,0,0,0,0,0,0,0,0,0,,0,0,0,2,1,,120,2,0,,2,3,1,0,,1,2,2,1,2,2,2,0,1,5,1,1,1,1,1,24376,1,2,1,3,0,0,1
12B188,14,40399,4,1,0,1,2,221,1,64,8,2,1,1,1,1,1,1,2,2,2,4,,2,1,2,2,2,2,,1,0,1,2,2,,3,1,,2,2,2,1,2,1,2,2,2,,2,0,2,1,1,,3,3,,1,1,2,2,2,3,30,2,1,1,,0,0,0,0,0,,40,2,0,,2,2,1,0,,1,2,2,2,2,2,1,2,1,5,1,1,2,1,1,17360,1,2,1,1,2,2,1
12B188,14,40403,3,1,0,2,2,221,2,54,0, ,7,1,2,2,2,2,2,2,0,0,,0,0,0,0,0,0,,0,0,0,0,0,,0,0,,0,0,0,0,0,0,0,0,0,,0,0,0,0,0,,0,0,,0,0,0,0,0,0,0,0,0,0,,0,0,0,0,0,,0,0,0,,0,0,0,1,,2,2,2,2,2,2,2,0,2,0,1,2,2,2,2,19452,4,4,2,0,0,0,2
12B188,14,40403,2,1,0,1,2,221,1,44,2,6,1,1,2,2,2,2,2,2,0,0,,0,0,0,0,0,0,,0,0,0,0,0,,0,0,,0,0,0,0,0,0,0,0,0,,0,0,0,0,0,,0,0,,0,0,0,0,0,0,0,0,0,0,,0,0,0,0,0,,0,0,0,,0,0,0,4,,2,2,2,2,2,2,2,0,2,0,1,1,2,2,2,23063,4,4,2,0,0,0,2
12B188,14,40403,1,1,0,1,2,221,1,26,3,3,1,1,2,2,2,2,2,2,0,0,,0,0,0,0,0,0,,0,0,0,0,0,,0,0,,0,0,0,0,0,0,0,0,0,,0,0,0,0,0,,0,0,,0,0,0,0,0,0,0,0,0,0,,0,0,0,0,0,,0,0,0,,0,0,0,3,,2,2,2,2,2,2,2,0,2,0,1,2,1,1,2,16024,4,4,2,0,0,0,2
12B188,14,40403,4,1,0,3,2,221,1,19,3,3,4,1,2,2,2,2,2,2,0,0,,0,0,0,0,0,0,,0,0,0,0,0,,0,0,,0,0,0,0,0,0,0,0,0,,0,0,0,0,0,,0,0,,0,0,0,0,0,0,0,0,0,0,,0,0,0,0,0,,0,0,0,,0,0,0,4,,2,2,2,2,2,2,2,0,2,0,1,1,1,1,1,33157,4,4,2,0,0,0,2
11B188,14,40404,2,1,0,2,2,221,2,43,2,5,7,1,2,2,2,2,2,1,0,0,,0,0,0,0,0,0,,0,0,0,0,0,,0,0,,0,0,0,0,0,0,0,0,0,,0,0,0,0,0,,0,0,,0,0,0,0,0,0,0,0,0,0,,0,0,0,5,4,,15,2,0,,2,3,2,0,,2,2,2,2,2,2,2,0,2,0,1,2,1,1,2,17644,3,3,1,0,0,0,2
11B188,14,40404,3,1,0,3,2,221,1,19,3,1,1,1,2,2,2,2,2,2,0,0,,0,0,0,0,0,0,,0,0,0,0,0,,0,0,,0,0,0,0,0,0,0,0,0,,0,0,0,0,0,,0,0,,0,0,0,0,0,0,0,0,0,0,,0,0,0,0,0,,0,0,0,,0,0,0,1,,2,2,2,2,2,1,1,2,1,5,1,1,1,1,2,42172,4,4,2,0,0,0,2
11B188,14,40404,4,1,0,1,2,221,1,47,4,3,1,1,1,1,2,2,2,1,1,5,,2,2,1,2,2,2,,3,600,2,1,1,,0,0,,0,0,0,0,0,0,0,0,0,,0,0,0,0,0,,0,0,,0,0,0,0,0,0,0,0,0,0,,0,0,0,5,3,,15,2,0,,1,3,1,0,,2,2,2,2,2,2,2,0,2,0,1,2,1,2,2,30658,1,2,1,2,0,0,1
12B188,14,40405,2,1,1,1,2,221,1,31,7,4,1,1,1,1,2,1,2,1,2,1,,2,1,2,2,2,2,,3,800,2,1,1,,0,0,,0,0,0,0,0,0,0,0,0,,0,0,0,0,0,,5,4,,1,1,2,2,1,3,100,2,1,1,,0,0,0,2,3,,35,1,5,,2,4,1,0,,1,2,2,2,1,1,1,2,1,2,1,1,1,1,1,9760,1,2,1,2,0,2,1
12B188,14,40405,1,1,0,4,2,221,1,57,4,3,7,1,1,2,1,1,2,2,0,0,,0,0,0,0,0,0,,0,0,0,0,0,,5,4,,2,2,2,2,2,2,1,1,2,,2,0,2,1,1,,1,3,,1,2,2,2,2,2,0,2,1,1,,0,0,0,0,0,,15,2,0,,2,3,2,0,,2,2,2,2,2,1,1,1,1,1,1,1,1,1,3,33751,1,3,1,0,2,2,1
12B188,14,40405,3,1,1,2,2,221,2,28,7,4,7,1,1,1,1,2,2,1,3,4,,2,2,1,1,2,2,,2,0,2,1,1,,3,4,,2,2,2,2,2,2,2,1,2,,3,100,2,1,1,,0,0,,0,0,0,0,0,0,0,0,0,0,,0,0,0,2,3,,20,1,5,,2,4,1,0,,2,2,2,2,1,1,1,2,1,2,1,1,1,1,1,16416,1,2,1,2,2,0,1
12B188,14,40405,4,1,0,2,2,221,2,21,7,2,7,1,1,1,2,2,2,2,1,1,,2,1,2,2,2,2,,3,370,2,1,1,,0,0,,0,0,0,0,0,0,0,0,0,,0,0,0,0,0,,0,0,,0,0,0,0,0,0,0,0,0,0,,0,0,0,0,0,,30,1,5,,4,4,1,0,,1,2,1,2,1,1,1,2,1,1,1,1,1,1,1,23357,1,1,1,2,0,0,1
11B188,14,40406,1,1,0,2,2,221,2,74,1,2,7,1,2,2,1,2,2,2,0,0,,0,0,0,0,0,0,,0,0,0,0,0,,1,4,,2,2,2,2,1,2,2,2,2,,2,0,2,1,1,,0,0,,0,0,0,0,0,0,0,0,0,0,,0,0,0,0,0,,30,2,0,,1,2,2,0,,2,2,2,2,2,2,2,0,1,1,1,1,3,2,2,17730,3,3,1,0,2,0,1
11B188,14,40406,3,1,1,2,2,221,1,18,3,3,1,1,1,2,1,2,2,1,0,0,,0,0,0,0,0,0,,0,0,0,0,0,,1,4,,1,2,2,2,2,2,2,2,2,,2,0,2,1,2,,0,0,,0,0,0,0,0,0,0,0,0,0,,0,0,0,2,4,,10,2,0,,3,3,2,0,,2,2,2,2,2,1,1,2,1,1,1,1,2,2,2,17821,1,3,1,0,2,0,1
11B188,14,40406,4,1,0,1,2,221,1,47,3,3,1,1,1,1,1,2,2,2,1,4,,2,2,1,2,2,2,,3,100,2,1,1,,1,4,,1,2,2,2,2,2,2,2,2,,3,140,2,1,1,,0,0,,0,0,0,0,0,0,0,0,0,0,,0,0,0,0,0,,20,2,0,,2,3,2,0,,2,2,2,2,1,2,2,0,1,1,1,2,2,2,1,17274,1,2,1,2,2,0,1
11B188,14,40406,2,1,0,1,2,221,2,43,3,3,1,1,1,1,2,2,2,2,3,4,,2,2,2,1,2,2,,2,0,2,1,1,,0,0,,0,0,0,0,0,0,0,0,0,,0,0,0,0,0,,0,0,,0,0,0,0,0,0,0,0,0,0,,0,0,0,0,0,,60,1,7,REZAR,3,4,2,0,,2,2,2,2,1,2,2,0,2,0,1,1,1,1,1,14912,1,1,1,2,0,0,1
11B195,14,40435,1,1,0,2,2,221,2,37,3,3,1,1,2,2,1,2,1,1,0,0,,0,0,0,0,0,0,,0,0,0,0,0,,2,5,,2,2,2,2,1,2,2,2,2,,2,0,2,1,1,,0,0,,0,0,0,0,0,0,0,0,0,0,,5,1,2,5,3,,15,2,0,,3,3,1,0,,2,2,2,2,2,1,1,2,1,1,1,1,1,1,1,12384,3,3,1,0,2,0,1
11B195,14,40435,3,1,0,1,2,221,1,55,7,5,1,1,1,1,2,2,2,1,12,4,,2,2,1,2,2,2,,1,0,1,2,1,,0,0,,0,0,0,0,0,0,0,0,0,,0,0,0,0,0,,0,0,,0,0,0,0,0,0,0,0,0,0,,0,0,0,2,3,,90,1,6,,3,3,1,0,,2,2,2,2,2,2,2,0,1,1,1,1,1,1,1,12367,1,2,1,1,0,0,1
11B195,14,40435,2,1,0,3,2,221,2,27,2,1,7,2,0,0,0,0,0,0,0,0,,0,0,0,0,0,0,,0,0,0,0,0,,0,0,,0,0,0,0,0,0,0,0,0,,0,0,0,0,0,,0,0,,0,0,0,0,0,0,0,0,0,0,,0,0,0,0,0,,0,0,0,,0,0,0,0,,0,0,0,0,0,0,0,0,0,0,0,0,0,0,0,24061,0,0,0,0,0,0,0
11B195,14,40435,4,1,0,3,2,221,1,37,7,5,4,1,1,1,1,1,2,1,3,3,,1,2,2,1,1,2,,2,0,1,1,4,,2,3,,2,2,2,2,2,1,1,2,2,,1,0,1,2,1,,1,4,,1,1,1,1,1,3,10,2,1,2,,0,0,0,5,3,,20,1,5,,1,3,1,0,,1,1,2,2,1,1,1,1,1,5,1,1,1,1,1,27452,1,2,1,3,1,2,1
12B195,14,40436,3,1,0,3,2,221,1,23,4,1,3,1,2,2,2,2,2,2,0,0,,0,0,0,0,0,0,,0,0,0,0,0,,0,0,,0,0,0,0,0,0,0,0,0,,0,0,0,0,0,,0,0,,0,0,0,0,0,0,0,0,0,0,,0,0,0,0,0,,0,0,0,,0,0,0,1,,2,2,2,2,2,1,1,2,1,1,1,1,1,1,2,25503,4,4,2,0,0,0,2
12B195,14,40436,1,1,0,1,2,221,2,75,2,6,7,1,1,1,2,2,2,2,3,3,,2,2,2,2,1,2,,2,0,2,1,1,,0,0,,0,0,0,0,0,0,0,0,0,,0,0,0,0,0,,0,0,,0,0,0,0,0,0,0,0,0,0,,0,0,0,0,0,,40,2,0,,3,4,2,0,,2,2,2,2,2,1,2,0,1,1,1,1,1,2,3,8457,1,1,1,2,0,0,1
12B195,14,40436,4,1,0,3,2,221,2,60,7,4,1,1,1,1,2,2,2,2,20,3,,1,2,2,1,2,2,,3,3000,2,1,1,,0,0,,0,0,0,0,0,0,0,0,0,,0,0,0,0,0,,0,0,,0,0,0,0,0,0,0,0,0,0,,0,0,0,0,0,,20,2,0,,1,3,2,0,,2,2,2,2,2,1,1,2,1,5,1,1,1,1,2,21528,1,1,1,2,0,0,1
12B195,14,40436,2,1,0,1,2,221,1,66,6,3,8,1,1,1,2,2,2,1,3,3,,2,2,1,1,1,2,,1,0,1,2,1,,0,0,,0,0,0,0,0,0,0,0,0,,0,0,0,0,0,,0,0,,0,0,0,0,0,0,0,0,0,0,,0,0,0,1,3,,30,2,0,,3,3,2,0,,2,2,2,2,2,2,2,0,1,1,1,1,1,2,2,18172,1,2,1,1,0,0,1
11B195,14,40439,1,1,0,1,2,221,1,48,4,3,1,1,1,2,1,2,1,1,0,0,,0,0,0,0,0,0,,0,0,0,0,0,,2,4,,1,2,2,2,2,2,2,2,2,,2,0,2,1,1,,0,0,,0,0,0,0,0,0,0,0,0,0,,5,1,2,2,3,,15,2,0,,2,4,2,0,,2,1,2,2,2,2,2,0,1,1,1,2,1,2,1,26834,1,3,1,0,2,0,1
11B195,14,40439,3,1,0,1,2,221,2,38,3,3,1,1,1,1,1,1,2,1,5,3,,2,2,2,1,2,2,,2,0,2,1,1,,3,4,,2,2,2,2,2,1,2,2,2,,3,150,2,1,1,,1,3,,1,2,1,1,1,3,15,2,1,1,,0,0,0,1,3,,30,2,0,,3,4,2,0,,2,1,2,2,1,2,2,0,2,0,1,2,1,2,2,15443,1,2,1,2,2,2,1
11B195,14,40439,2,1,0,3,2,221,2,21,7,1,1,1,2,1,2,2,2,1,2,2,,2,1,2,2,2,2,,2,0,2,1,2,,0,0,,0,0,0,0,0,0,0,0,0,,0,0,0,0,0,,0,0,,0,0,0,0,0,0,0,0,0,0,,0,0,0,2,2,,30,2,0,,2,2,1,0,,2,2,2,2,1,1,1,2,1,1,1,1,1,1,1,21346,3,2,1,2,0,0,1
11B195,14,40439,4,1,0,2,2,221,2,63,2,6,7,1,2,2,2,2,2,2,0,0,,0,0,0,0,0,0,,0,0,0,0,0,,0,0,,0,0,0,0,0,0,0,0,0,,0,0,0,0,0,,0,0,,0,0,0,0,0,0,0,0,0,0,,0,0,0,0,0,,0,0,0,,0,0,0,3,,2,2,2,2,2,1,2,0,2,0,1,2,1,1,2,31158,4,4,2,0,0,0,2
12B195,14,40441,3,1,0,2,2,221,2,69,7,4,7,1,1,1,1,2,2,1,15,4,,2,2,2,2,1,2,,2,0,2,1,1,,10,3,,2,2,2,1,2,2,1,2,2,,2,0,2,1,1,,0,0,,0,0,0,0,0,0,0,0,0,0,,0,0,0,5,3,,180,2,0,,3,3,2,0,,2,2,2,2,2,1,2,0,1,5,1,1,2,1,1,17670,1,2,1,2,2,0,1
12B195,14,40441,1,1,0,2,2,221,2,80,7,5,7,1,1,1,1,2,2,2,4,4,,2,2,2,2,1,2,,2,0,2,1,1,,4,4,,1,2,2,2,2,1,2,2,2,,3,200,2,1,1,,0,0,,0,0,0,0,0,0,0,0,0,0,,0,0,0,0,0,,120,2,0,,1,2,2,0,,2,2,2,2,1,1,1,1,1,5,1,1,1,1,1,17670,1,2,1,2,2,0,1
12B195,14,40441,2,1,0,1,2,221,2,73,3,2,7,1,2,2,1,2,2,2,0,0,,0,0,0,0,0,0,,0,0,0,0,0,,3,4,,2,2,2,1,2,2,1,2,2,,2,0,2,1,1,,0,0,,0,0,0,0,0,0,0,0,0,0,,0,0,0,0,0,,50,2,0,,2,2,2,0,,2,2,2,2,2,3,3,0,1,6,1,1,2,3,2,17670,3,3,1,0,2,0,1
12B195,14,40441,4,1,0,5,2,221,2,26,7,5,6,1,1,1,1,2,2,1,3,3,,2,1,2,2,1,2,,3,800,2,1,1,,2,3,,2,2,2,1,2,2,1,2,2,,2,0,2,1,5,ESPERANDO EN CONSULTA,0,0,,0,0,0,0,0,0,0,0,0,0,,0,0,0,2,2,,60,1,5,,3,4,1,0,,1,2,2,1,2,1,1,2,1,1,1,1,1,1,1,36095,1,2,1,2,2,0,1
12A191,14,40445,2,1,0,2,2,221,1,19,3,3,4,1,2,2,2,2,1,1,0,0,,0,0,0,0,0,0,,0,0,0,0,0,,0,0,,0,0,0,0,0,0,0,0,0,,0,0,0,0,0,,0,0,,0,0,0,0,0,0,0,0,0,0,,5,2,1,1,4,,120,2,0,,2,2,2,0,,2,2,2,2,2,2,2,0,2,0,1,2,2,2,1,27445,3,3,1,0,0,0,2
12A191,14,40445,1,1,0,1,2,221,2,34,6,3,1,1,1,2,1,1,2,2,0,0,,0,0,0,0,0,0,,0,0,0,0,0,,2,1,,2,2,1,2,2,1,2,2,2,,3,50,2,1,1,,2,3,,2,2,1,1,2,2,0,1,2,1,,0,0,0,0,0,,25,1,5,,2,4,1,0,,1,2,2,2,2,1,1,2,1,1,1,3,1,3,1,7437,1,3,1,0,2,1,1
12A191,14,40445,4,1,0,1,2,221,1,81,2,6,8,1,1,1,2,1,2,2,1,5,,2,2,1,2,2,2,,2,0,2,1,1,,0,0,,0,0,0,0,0,0,0,0,0,,0,0,0,0,0,,1,3,,2,1,1,2,2,3,10,2,1,1,,0,0,0,0,0,,1,1,5,,1,3,2,0,,2,2,2,2,2,2,1,2,1,5,1,3,2,2,1,29336,1,2,1,2,0,2,1
12A191,14,40445,3,1,0,2,2,221,2,56,3,3,7,1,1,1,1,2,2,2,2,3,,2,2,1,2,2,2,,1,0,1,2,1,,3,4,,2,2,2,1,2,2,1,2,2,,2,0,2,1,1,,0,0,,0,0,0,0,0,0,0,0,0,0,,0,0,0,0,0,,60,1,4,,2,2,1,0,,2,1,2,2,2,1,1,2,1,2,1,2,2,2,2,15445,1,2,1,1,2,0,1
11A191,14,40448,2,1,0,2,2,221,2,47,3,3,7,1,2,2,2,2,2,2,0,0,,0,0,0,0,0,0,,0,0,0,0,0,,0,0,,0,0,0,0,0,0,0,0,0,,0,0,0,0,0,,0,0,,0,0,0,0,0,0,0,0,0,0,,0,0,0,0,0,,0,0,0,,0,0,0,1,,2,2,2,2,2,2,2,0,2,0,1,2,2,2,2,14936,4,4,2,0,0,0,2
11A191,14,40448,1,1,0,1,2,221,1,44,3,3,1,1,2,2,2,2,2,2,0,0,,0,0,0,0,0,0,,0,0,0,0,0,,0,0,,0,0,0,0,0,0,0,0,0,,0,0,0,0,0,,0,0,,0,0,0,0,0,0,0,0,0,0,,0,0,0,0,0,,0,0,0,,0,0,0,1,,2,2,2,2,2,2,2,0,2,0,1,2,2,2,2,17709,4,4,2,0,0,0,2
11A191,14,40448,3,1,0,1,2,221,1,40,4,3,1,1,2,2,2,2,2,2,0,0,,0,0,0,0,0,0,,0,0,0,0,0,,0,0,,0,0,0,0,0,0,0,0,0,,0,0,0,0,0,,0,0,,0,0,0,0,0,0,0,0,0,0,,0,0,0,0,0,,0,0,0,,0,0,0,3,,2,2,2,2,2,2,2,0,2,0,1,2,2,2,2,35419,4,4,2,0,0,0,2
11A191,14,40448,4,1,0,3,2,221,1,21,7,2,6,1,1,1,2,2,2,1,1,3,,2,2,2,2,1,2,,2,0,2,1,1,,0,0,,0,0,0,0,0,0,0,0,0,,0,0,0,0,0,,0,0,,0,0,0,0,0,0,0,0,0,0,,0,0,0,2,3,,40,1,4,,3,4,1,0,,2,2,2,2,2,1,1,2,1,1,1,1,1,1,1,28643,1,2,1,2,0,0,1
12B195,14,40480,2,1,0,1,2,221,1,48,7,4,1,1,1,1,1,2,2,1,4,4,,2,2,1,1,1,2,,1,0,1,2,1,,3,3,,2,1,2,2,2,2,1,2,2,,2,0,1,2,1,,0,0,,0,0,0,0,0,0,0,0,0,0,,0,0,0,2,3,,30,2,0,,2,4,2,0,,2,2,2,2,2,1,1,2,1,1,1,1,2,1,1,16578,1,2,1,1,1,0,1
12B195,14,40480,3,1,0,1,2,221,2,48,7,4,8,1,1,1,1,1,2,1,20,3,,2,2,1,2,1,2,,3,2000,2,1,1,,10,4,,2,2,2,1,2,2,1,2,2,,3,100,2,1,1,,2,4,,1,2,2,1,2,3,20,2,1,1,,0,0,0,2,4,,70,2,0,,4,4,2,0,,2,2,1,2,2,1,1,2,1,5,1,1,1,1,1,6689,1,2,1,2,2,2,1
11B195,14,40481,4,1,0,1,2,221,2,59,4,3,1,1,2,2,2,2,2,2,0,0,,0,0,0,0,0,0,,0,0,0,0,0,,0,0,,0,0,0,0,0,0,0,0,0,,0,0,0,0,0,,0,0,,0,0,0,0,0,0,0,0,0,0,,0,0,0,0,0,,0,0,0,,0,0,0,3,,2,2,2,2,2,2,2,0,1,1,1,2,1,2,1,16976,4,4,2,0,0,0,2
11B195,14,40481,3,1,0,1,2,221,1,25,3,3,1,1,2,2,1,2,2,2,0,0,,0,0,0,0,0,0,,0,0,0,0,0,,1,4,,2,2,1,2,2,2,2,2,2,,2,0,2,1,1,,0,0,,0,0,0,0,0,0,0,0,0,0,,0,0,0,0,0,,5,2,0,,2,1,2,0,,2,2,2,2,2,1,2,0,2,0,1,2,1,2,1,19438,3,3,1,0,2,0,1
13B195,14,40482,2,1,0,2,2,221,1,41,7,4,1,1,2,2,2,2,2,2,0,0,,0,0,0,0,0,0,,0,0,0,0,0,,0,0,,0,0,0,0,0,0,0,0,0,,0,0,0,0,0,,0,0,,0,0,0,0,0,0,0,0,0,0,,0,0,0,0,0,,0,0,0,,0,0,0,3,,2,2,2,2,1,1,1,2,1,2,1,1,1,1,1,19590,4,4,2,0,0,0,2
13B195,14,40482,4,1,0,1,2,221,1,35,4,3,1,1,1,1,2,1,2,2,1,3,,2,2,2,2,1,2,,3,400,2,1,1,,0,0,,0,0,0,0,0,0,0,0,0,,0,0,0,0,0,,4,3,,1,2,1,2,2,2,0,2,1,2,,0,0,0,0,0,,20,1,5,,2,3,1,0,,2,2,2,2,2,2,2,0,3,0,1,1,1,1,1,9795,1,2,1,2,0,2,1
13B195,14,40482,1,1,0,2,2,221,2,49,4,3,1,1,2,2,2,2,2,2,0,0,,0,0,0,0,0,0,,0,0,0,0,0,,0,0,,0,0,0,0,0,0,0,0,0,,0,0,0,0,0,,0,0,,0,0,0,0,0,0,0,0,0,0,,0,0,0,0,0,,0,0,0,,0,0,0,3,,2,2,2,2,2,1,2,0,2,0,1,2,1,2,2,24784,4,4,2,0,0,0,2
13B195,14,40482,3,1,0,1,2,221,2,62,7,5,1,1,2,2,1,2,2,2,0,0,,0,0,0,0,0,0,,0,0,0,0,0,,1,4,,2,2,2,2,2,2,2,1,2,,2,0,2,1,1,,0,0,,0,0,0,0,0,0,0,0,0,0,,0,0,0,0,0,,5,2,0,,2,2,2,0,,2,2,2,2,2,1,2,0,1,1,1,2,1,2,2,17831,3,3,1,0,2,0,1
12B195,14,40535,4,1,0,1,2,221,2,29,2,6,1,1,2,2,2,2,2,2,0,0,,0,0,0,0,0,0,,0,0,0,0,0,,0,0,,0,0,0,0,0,0,0,0,0,,0,0,0,0,0,,0,0,,0,0,0,0,0,0,0,0,0,0,,0,0,0,0,0,,0,0,0,,0,0,0,3,,2,2,2,2,2,2,2,0,2,0,1,1,1,2,2,15718,4,4,2,0,0,0,2
12B195,14,40535,3,1,0,2,2,221,2,31,3,3,7,1,2,2,2,2,2,2,0,0,,0,0,0,0,0,0,,0,0,0,0,0,,0,0,,0,0,0,0,0,0,0,0,0,,0,0,0,0,0,,0,0,,0,0,0,0,0,0,0,0,0,0,,0,0,0,0,0,,0,0,0,,0,0,0,1,,2,2,2,2,2,2,2,0,2,0,1,2,1,2,2,15718,4,4,2,0,0,0,2
12B195,14,40535,2,1,0,1,2,221,2,65,2,3,7,1,2,2,2,2,2,2,0,0,,0,0,0,0,0,0,,0,0,0,0,0,,0,0,,0,0,0,0,0,0,0,0,0,,0,0,0,0,0,,0,0,,0,0,0,0,0,0,0,0,0,0,,0,0,0,0,0,,0,0,0,,0,0,0,2,,2,2,2,2,2,2,2,0,2,0,1,2,2,2,2,19237,4,4,2,0,0,0,2
12B195,14,40535,1,1,0,1,2,221,2,37,2,6,1,1,2,2,2,2,2,2,0,0,,0,0,0,0,0,0,,0,0,0,0,0,,0,0,,0,0,0,0,0,0,0,0,0,,0,0,0,0,0,,0,0,,0,0,0,0,0,0,0,0,0,0,,0,0,0,0,0,,0,0,0,,0,0,0,2,,2,2,2,2,2,2,2,0,2,0,1,1,2,2,2,16179,4,4,2,0,0,0,2
12A191,14,40536,4,1,0,2,2,221,2,25,7,3,6,1,1,1,2,2,1,1,30,2,,2,2,2,1,2,2,,1,0,1,2,1,,0,0,,0,0,0,0,0,0,0,0,0,,0,0,0,0,0,,0,0,,0,0,0,0,0,0,0,0,0,0,,3,1,2,1,2,,40,2,0,,3,3,1,0,,2,2,2,2,1,1,1,2,1,1,1,1,1,1,1,23976,1,2,1,1,0,0,1
12A191,14,40536,1,1,1,2,2,221,1,46,7,4,1,1,1,1,2,2,2,1,4,3,,2,1,1,2,2,2,,3,1500,2,1,1,,0,0,,0,0,0,0,0,0,0,0,0,,0,0,0,0,0,,0,0,,0,0,0,0,0,0,0,0,0,0,,0,0,0,1,3,,60,2,0,,3,4,1,0,,2,2,2,1,2,1,2,0,1,1,1,2,1,1,2,38120,1,2,1,2,0,0,1
12A191,14,40536,2,1,2,3,2,221,1,22,3,3,1,1,1,1,2,2,2,1,2,4,,2,2,2,1,2,2,,3,600,2,1,1,,0,0,,0,0,0,0,0,0,0,0,0,,0,0,0,0,0,,0,0,,0,0,0,0,0,0,0,0,0,0,,0,0,0,2,4,,15,2,0,,3,4,2,0,,2,2,2,2,2,1,2,0,1,1,1,1,1,2,2,29494,1,2,1,2,0,0,1
12A191,14,40536,3,1,1,1,2,221,1,44,4,4,3,1,2,2,2,2,2,1,0,0,,0,0,0,0,0,0,,0,0,0,0,0,,0,0,,0,0,0,0,0,0,0,0,0,,0,0,0,0,0,,0,0,,0,0,0,0,0,0,0,0,0,0,,0,0,0,2,3,,10,2,0,,3,3,2,0,,2,2,2,2,2,2,1,2,1,1,1,2,2,2,2,18236,3,3,1,0,0,0,2
11A191,14,40539,3,1,0,1,2,221,2,71,0, ,7,2,0,0,0,0,0,0,0,0,,0,0,0,0,0,0,,0,0,0,0,0,,0,0,,0,0,0,0,0,0,0,0,0,,0,0,0,0,0,,0,0,,0,0,0,0,0,0,0,0,0,0,,0,0,0,0,0,,0,0,0,,0,0,0,0,,0,0,0,0,0,0,0,0,0,0,0,0,0,0,0,11691,0,0,0,0,0,0,0
11A191,14,40539,2,1,0,2,2,221,2,55,3,3,4,1,2,2,2,2,2,2,0,0,,0,0,0,0,0,0,,0,0,0,0,0,,0,0,,0,0,0,0,0,0,0,0,0,,0,0,0,0,0,,0,0,,0,0,0,0,0,0,0,0,0,0,,0,0,0,0,0,,0,0,0,,0,0,0,3,,2,2,2,2,2,2,2,0,2,0,1,1,1,1,1,19839,4,4,2,0,0,0,2
11A191,14,40539,1,1,1,1,2,221,2,36,7,3,1,1,1,1,2,2,2,1,7,4,,2,2,1,2,1,2,,3,2000,2,1,1,,0,0,,0,0,0,0,0,0,0,0,0,,0,0,0,0,0,,0,0,,0,0,0,0,0,0,0,0,0,0,,0,0,0,1,4,,40,1,3,,3,3,1,0,,1,2,2,1,1,1,1,2,1,5,1,2,2,2,1,14750,1,2,1,2,0,0,1
11A191,14,40539,4,1,0,2,2,221,2,40,3,3,1,1,1,2,2,1,2,2,0,0,,0,0,0,0,0,0,,0,0,0,0,0,,0,0,,0,0,0,0,0,0,0,0,0,,0,0,0,0,0,,2,1,,2,2,2,2,2,3,15,2,1,1,,0,0,0,0,0,,20,2,0,,2,2,2,0,,2,2,2,2,2,1,1,1,1,1,1,1,1,1,1,9833,1,3,1,0,0,2,1
12A191,14,40540,3,1,0,1,2,221,1,30,4,3,3,1,1,1,1,1,2,1,2,6,RECOMENDACIÓN,2,2,1,2,2,2,,2,0,2,1,1,,5,1,,2,2,2,1,2,1,2,2,2,,2,0,2,1,2,,1,4,,1,2,1,1,1,2,0,2,1,2,,0,0,0,1,1,,30,2,0,,4,4,1,0,,2,2,2,2,1,1,1,1,1,3,1,2,2,2,1,16213,1,2,1,2,2,2,1
12A191,14,40540,4,1,0,1,2,221,1,38,3,3,1,1,2,2,2,2,2,2,0,0,,0,0,0,0,0,0,,0,0,0,0,0,,0,0,,0,0,0,0,0,0,0,0,0,,0,0,0,0,0,,0,0,,0,0,0,0,0,0,0,0,0,0,,0,0,0,0,0,,0,0,0,,0,0,0,3,,2,2,2,2,2,2,2,0,2,0,1,1,3,1,1,15556,4,4,2,0,0,0,2
12A191,14,40540,2,1,0,2,2,221,1,45,3,3,1,1,2,2,2,2,2,2,0,0,,0,0,0,0,0,0,,0,0,0,0,0,,0,0,,0,0,0,0,0,0,0,0,0,,0,0,0,0,0,,0,0,,0,0,0,0,0,0,0,0,0,0,,0,0,0,0,0,,0,0,0,,0,0,0,1,,2,2,2,2,2,2,1,2,1,1,1,1,1,2,1,16258,4,4,2,0,0,0,2
13A191,14,40584,3,1,0,1,2,221,1,76,4,2,8,1,2,2,2,2,2,2,0,0,,0,0,0,0,0,0,,0,0,0,0,0,,0,0,,0,0,0,0,0,0,0,0,0,,0,0,0,0,0,,0,0,,0,0,0,0,0,0,0,0,0,0,,0,0,0,0,0,,0,0,0,,0,0,0,3,,2,2,2,2,2,2,2,0,1,1,1,2,2,2,2,16949,4,4,2,0,0,0,2
13A191,14,40584,4,1,0,2,2,221,2,57,4,3,1,1,2,2,2,2,2,2,0,0,,0,0,0,0,0,0,,0,0,0,0,0,,0,0,,0,0,0,0,0,0,0,0,0,,0,0,0,0,0,,0,0,,0,0,0,0,0,0,0,0,0,0,,0,0,0,0,0,,0,0,0,,0,0,0,1,,2,2,2,2,2,2,2,0,2,0,1,2,1,2,2,20078,4,4,2,0,0,0,2
13A191,14,40584,2,1,0,2,2,221,2,28,4,3,7,1,1,2,2,2,2,1,0,0,,0,0,0,0,0,0,,0,0,0,0,0,,0,0,,0,0,0,0,0,0,0,0,0,,0,0,0,0,0,,0,0,,0,0,0,0,0,0,0,0,0,0,,0,0,0,2,4,,30,2,0,,4,4,2,0,,2,2,2,2,2,2,2,0,1,1,1,1,1,1,1,12890,1,3,1,0,0,0,2
11A191,14,40586,3,1,0,1,2,221,1,54,2,6,1,1,2,2,2,2,2,2,0,0,,0,0,0,0,0,0,,0,0,0,0,0,,0,0,,0,0,0,0,0,0,0,0,0,,0,0,0,0,0,,0,0,,0,0,0,0,0,0,0,0,0,0,,0,0,0,0,0,,0,0,0,,0,0,0,3,,2,2,2,2,2,2,2,0,2,0,1,2,2,2,2,26228,4,4,2,0,0,0,2
11A191,14,40586,2,1,0,1,2,221,1,38,8,2,1,1,2,2,2,2,2,1,0,0,,0,0,0,0,0,0,,0,0,0,0,0,,0,0,,0,0,0,0,0,0,0,0,0,,0,0,0,0,0,,0,0,,0,0,0,0,0,0,0,0,0,0,,0,0,0,2,4,,20,1,6,,4,3,2,0,,2,2,2,2,2,1,2,0,1,2,1,1,1,1,1,25095,3,3,1,0,0,0,2
11A191,14,40586,4,1,1,1,2,221,1,47,7,4,1,1,2,2,2,2,2,2,0,0,,0,0,0,0,0,0,,0,0,0,0,0,,0,0,,0,0,0,0,0,0,0,0,0,,0,0,0,0,0,,0,0,,0,0,0,0,0,0,0,0,0,0,,0,0,0,0,0,,0,0,0,,0,0,0,3,,2,2,2,2,2,1,2,0,1,1,1,1,1,1,1,26228,4,4,2,0,0,0,2
11A191,14,40586,1,1,0,1,2,221,2,44,2,6,7,1,2,2,2,2,2,2,0,0,,0,0,0,0,0,0,,0,0,0,0,0,,0,0,,0,0,0,0,0,0,0,0,0,,0,0,0,0,0,,0,0,,0,0,0,0,0,0,0,0,0,0,,0,0,0,0,0,,0,0,0,,0,0,0,3,,2,2,2,2,2,2,2,0,2,0,1,2,1,2,2,56604,4,4,2,0,0,0,2
11B193,15,40015,2,1,0,1,1,221,1,33,4,2,1,1,1,1,2,2,2,2,1,1,,1,2,2,2,2,2,,2,0,2,1,1,,0,0,,0,0,0,0,0,0,0,0,0,,0,0,0,0,0,,0,0,,0,0,0,0,0,0,0,0,0,0,,0,0,0,0,0,,30,2,0,,2,3,2,0,,2,2,2,2,2,2,2,0,2,0,1,2,2,2,2,17190,1,1,1,2,0,0,1
11B193,15,40015,4,1,0,1,1,221,1,34,7,3,4,1,2,2,2,2,2,2,0,0,,0,0,0,0,0,0,,0,0,0,0,0,,0,0,,0,0,0,0,0,0,0,0,0,,0,0,0,0,0,,0,0,,0,0,0,0,0,0,0,0,0,0,,0,0,0,0,0,,0,0,0,,0,0,0,3,,2,2,2,2,2,2,2,0,1,1,1,1,1,1,1,17190,4,4,2,0,0,0,2
11B193,15,40015,1,1,0,1,1,221,2,56,2,6,1,1,2,2,2,2,2,2,0,0,,0,0,0,0,0,0,,0,0,0,0,0,,0,0,,0,0,0,0,0,0,0,0,0,,0,0,0,0,0,,0,0,,0,0,0,0,0,0,0,0,0,0,,0,0,0,0,0,,0,0,0,,0,0,0,1,,2,2,2,2,2,2,2,0,2,0,1,1,1,1,2,15013,4,4,2,0,0,0,2
11B193,15,40016,1,1,0,1,1,221,1,25,3,3,1,1,1,1,2,1,2,2,1,4,,2,2,2,1,2,2,,2,0,2,1,1,,0,0,,0,0,0,0,0,0,0,0,0,,0,0,0,0,0,,1,4,,2,1,2,2,2,3,6,2,1,2,,0,0,0,0,0,,30,2,0,,2,4,2,0,,2,1,2,2,2,1,1,1,1,2,1,1,1,1,1,12973,1,2,1,2,0,2,1
11B193,15,40016,3,1,0,3,1,221,1,21,7,2,6,1,1,1,2,2,2,1,3,2,,2,1,2,2,2,2,,3,999999,2,1,1,,0,0,,0,0,0,0,0,0,0,0,0,,0,0,0,0,0,,0,0,,0,0,0,0,0,0,0,0,0,0,,0,0,0,4,2,,30,2,0,,2,3,1,0,,2,2,2,2,1,1,1,1,1,2,1,1,1,1,2,20133,1,2,1,2,0,0,1
11B193,15,40016,2,1,0,1,1,221,2,59,4,3,7,1,2,2,2,2,2,2,0,0,,0,0,0,0,0,0,,0,0,0,0,0,,0,0,,0,0,0,0,0,0,0,0,0,,0,0,0,0,0,,0,0,,0,0,0,0,0,0,0,0,0,0,,0,0,0,0,0,,0,0,0,,0,0,0,1,,2,2,2,2,2,2,2,0,2,0,1,1,1,1,1,16995,4,4,2,0,0,0,2
11B193,15,40016,4,1,0,2,1,221,1,23,6,3,1,1,2,2,2,2,2,2,0,0,,0,0,0,0,0,0,,0,0,0,0,0,,0,0,,0,0,0,0,0,0,0,0,0,,0,0,0,0,0,,0,0,,0,0,0,0,0,0,0,0,0,0,,0,0,0,0,0,,0,0,0,,0,0,0,3,,2,2,2,2,2,1,1,2,2,0,1,1,1,2,2,13422,4,4,2,0,0,0,2
12B193,15,40017,4,1,0,1,1,221,1,66,8,2,3,1,1,2,1,1,2,2,0,0,,0,0,0,0,0,0,,0,0,0,0,0,,8,4,,2,1,2,2,2,2,2,2,2,,1,0,1,2,1,,7,3,,1,2,2,2,2,1,0,1,2,1,,0,0,0,0,0,,45,2,0,,3,4,1,0,,2,2,2,2,2,1,1,2,1,2,1,2,1,1,1,26119,1,3,1,0,1,1,1
12B193,15,40017,2,1,0,2,1,221,2,45,8,2,1,1,1,1,2,2,2,2,15,4,,2,1,1,1,1,2,,2,0,2,1,1,,0,0,,0,0,0,0,0,0,0,0,0,,0,0,0,0,0,,0,0,,0,0,0,0,0,0,0,0,0,0,,0,0,0,0,0,,90,2,0,,4,4,1,0,,2,2,2,2,1,1,1,2,1,5,1,1,1,1,2,28671,1,1,1,2,0,0,1
12B193,15,40017,1,1,0,3,1,221,2,24,7,4,6,1,1,1,2,2,2,1,5,2,,2,2,2,1,2,2,,3,200,2,1,1,,0,0,,0,0,0,0,0,0,0,0,0,,0,0,0,0,0,,0,0,,0,0,0,0,0,0,0,0,0,0,,0,0,0,1,2,,60,2,0,,4,4,1,0,,2,2,2,2,1,1,1,2,1,5,1,1,1,1,1,56524,1,2,1,2,0,0,1
11A192,15,40025,2,1,0,1,1,221,2,55,4,2,1,1,1,1,1,1,2,2,2,5,,2,2,1,2,2,2,,2,0,1,2,1,,3,4,,2,1,2,2,2,2,1,2,2,,2,0,1,2,1,,2,3,,1,2,1,1,2,2,0,2,1,2,,0,0,0,0,0,,30,1,3,,3,3,2,0,,2,2,2,2,2,2,2,0,1,2,1,2,1,2,1,7013,1,2,1,1,1,2,1
11A192,15,40025,1,1,0,1,1,221,2,45,3,3,1,1,1,1,2,2,2,2,1,1,,1,2,2,2,2,2,,2,0,2,1,1,,0,0,,0,0,0,0,0,0,0,0,0,,0,0,0,0,0,,0,0,,0,0,0,0,0,0,0,0,0,0,,0,0,0,0,0,,30,2,0,,2,1,2,0,,2,2,2,2,2,2,2,0,3,0,1,2,2,1,1,6498,1,1,1,2,0,0,1
11A192,15,40025,4,1,0,4,1,221,2,63,3,3,7,1,2,2,2,2,2,2,0,0,,0,0,0,0,0,0,,0,0,0,0,0,,0,0,,0,0,0,0,0,0,0,0,0,,0,0,0,0,0,,0,0,,0,0,0,0,0,0,0,0,0,0,,0,0,0,0,0,,0,0,0,,0,0,0,3,,2,2,2,2,1,2,2,0,1,1,1,1,1,1,1,35064,4,4,2,0,0,0,2
11A192,15,40028,3,1,0,3,1,221,1,21,4,3,1,1,1,2,1,1,2,1,0,0,,0,0,0,0,0,0,,0,0,0,0,0,,10,2,,1,2,2,2,2,2,2,1,2,,2,0,2,1,4,,2,4,,1,1,2,2,1,3,30,2,1,1,,0,0,0,1,4,,40,2,0,,3,3,2,0,,1,1,2,2,1,1,2,0,1,2,1,1,1,1,1,26667,1,3,1,0,2,2,1
11A192,15,40028,1,1,0,1,1,221,2,72,3,2,8,1,1,1,2,2,2,2,1,5,,2,2,1,2,2,2,,2,0,2,1,1,,0,0,,0,0,0,0,0,0,0,0,0,,0,0,0,0,0,,0,0,,0,0,0,0,0,0,0,0,0,0,,0,0,0,0,0,,60,2,0,,2,3,2,0,,2,2,2,2,2,2,2,0,2,0,1,2,2,2,2,8844,1,1,1,2,0,0,1
11A192,15,40028,2,1,0,4,1,221,2,31,4,3,7,1,1,1,1,1,1,1,1,4,,2,1,2,2,2,2,,2,0,2,1,1,,3,4,,2,2,2,2,2,2,1,2,2,,2,0,2,1,1,,1,2,,2,2,2,2,1,3,15,2,1,1,,2,2,1,2,3,,60,2,0,,2,3,1,0,,2,1,2,2,1,1,1,2,1,2,1,1,1,1,1,28904,1,2,1,2,2,2,1
11A192,15,40028,4,1,0,1,1,221,2,50,4,3,1,1,1,1,2,2,2,1,4,4,,2,2,1,2,2,2,,2,0,2,1,1,,0,0,,0,0,0,0,0,0,0,0,0,,0,0,0,0,0,,0,0,,0,0,0,0,0,0,0,0,0,0,,0,0,0,1,4,,120,2,0,,3,4,1,0,,2,2,2,2,1,2,2,0,1,1,1,1,1,1,1,6953,1,2,1,2,0,0,1
13B193,15,40048,2,1,0,1,1,221,1,30,7,5,1,1,1,1,2,2,2,1,6,2,,2,1,2,2,2,2,,3,1200,2,1,1,,0,0,,0,0,0,0,0,0,0,0,0,,0,0,0,0,0,,0,0,,0,0,0,0,0,0,0,0,0,0,,0,0,0,1,2,,60,2,0,,3,3,1,0,,2,2,2,2,2,2,2,0,2,0,1,1,1,1,1,24529,1,2,1,2,0,0,1
13B193,15,40048,1,1,0,1,1,221,1,35,3,3,1,1,2,2,2,2,2,2,0,0,,0,0,0,0,0,0,,0,0,0,0,0,,0,0,,0,0,0,0,0,0,0,0,0,,0,0,0,0,0,,0,0,,0,0,0,0,0,0,0,0,0,0,,0,0,0,0,0,,0,0,0,,0,0,0,3,,2,2,2,2,2,1,2,0,1,1,1,1,1,1,1,35304,4,4,2,0,0,0,2
13B193,15,40048,4,1,0,2,1,221,2,50,2,5,1,1,1,2,2,2,2,1,0,0,,0,0,0,0,0,0,,0,0,0,0,0,,0,0,,0,0,0,0,0,0,0,0,0,,0,0,0,0,0,,0,0,,0,0,0,0,0,0,0,0,0,0,,0,0,0,1,3,,20,2,0,,2,3,1,0,,2,2,2,2,2,2,2,0,2,0,1,1,1,1,2,19851,1,3,1,0,0,0,2
11B193,15,40073,2,1,0,1,1,221,1,47,4,2,1,1,1,1,2,2,2,2,1,4,,2,2,2,1,2,2,,2,0,2,1,1,,0,0,,0,0,0,0,0,0,0,0,0,,0,0,0,0,0,,0,0,,0,0,0,0,0,0,0,0,0,0,,0,0,0,0,0,,20,1,7,PREPARAR COMIDA,2,3,2,0,,2,2,2,2,2,1,2,0,1,1,1,1,1,1,1,20029,1,1,1,2,0,0,1
11B193,15,40073,4,1,0,1,1,221,1,29,3,3,1,1,1,2,2,2,2,1,0,0,,0,0,0,0,0,0,,0,0,0,0,0,,0,0,,0,0,0,0,0,0,0,0,0,,0,0,0,0,0,,0,0,,0,0,0,0,0,0,0,0,0,0,,0,0,0,2,4,,15,2,0,,2,3,2,0,,2,2,2,2,3,1,1,2,1,1,1,1,1,1,2,19973,1,3,1,0,0,0,2
11B193,15,40073,1,1,0,2,1,221,2,20,3,3,1,1,1,2,2,2,2,1,0,0,,0,0,0,0,0,0,,0,0,0,0,0,,0,0,,0,0,0,0,0,0,0,0,0,,0,0,0,0,0,,0,0,,0,0,0,0,0,0,0,0,0,0,,0,0,0,1,3,,15,2,0,,3,3,2,0,,2,2,2,2,2,2,2,0,2,0,1,1,1,1,1,35847,1,3,1,0,0,0,2
11B193,15,40073,3,1,0,1,1,221,2,53,2,3,4,1,2,2,2,2,2,2,0,0,,0,0,0,0,0,0,,0,0,0,0,0,,0,0,,0,0,0,0,0,0,0,0,0,,0,0,0,0,0,,0,0,,0,0,0,0,0,0,0,0,0,0,,0,0,0,0,0,,0,0,0,,0,0,0,3,,2,2,2,2,2,1,1,2,1,1,1,1,2,1,2,16163,4,4,2,0,0,0,2
12B193,15,40076,3,1,0,2,1,221,2,58,3,3,7,1,1,1,2,2,2,2,2,2,,2,2,2,2,1,2,,2,0,2,1,1,,0,0,,0,0,0,0,0,0,0,0,0,,0,0,0,0,0,,0,0,,0,0,0,0,0,0,0,0,0,0,,0,0,0,0,0,,45,2,0,,1,3,1,0,,2,2,2,2,2,1,2,0,1,1,1,2,2,2,2,20582,1,1,1,2,0,0,1
12B193,15,40076,1,1,0,1,1,221,1,34,8,4,1,1,1,1,2,2,2,1,8,3,,2,2,2,1,2,2,,1,0,1,2,1,,0,0,,0,0,0,0,0,0,0,0,0,,0,0,0,0,0,,0,0,,0,0,0,0,0,0,0,0,0,0,,0,0,0,1,3,,120,2,0,,2,3,1,0,,1,2,2,2,1,1,1,1,1,5,1,1,1,2,2,15712,1,2,1,1,0,0,1
12B196,15,40083,1,1,0,2,1,221,2,37,7,3,7,1,1,1,2,2,2,1,4,4,,2,2,2,1,2,2,,2,0,2,1,1,,0,0,,0,0,0,0,0,0,0,0,0,,0,0,0,0,0,,0,0,,0,0,0,0,0,0,0,0,0,0,,0,0,0,2,4,,120,2,0,,2,3,2,0,,2,2,2,2,1,1,1,1,1,3,1,2,1,2,2,14649,1,2,1,2,0,0,1
12B196,15,40083,2,1,0,1,1,221,1,32,7,2,1,1,2,2,2,2,2,2,0,0,,0,0,0,0,0,0,,0,0,0,0,0,,0,0,,0,0,0,0,0,0,0,0,0,,0,0,0,0,0,,0,0,,0,0,0,0,0,0,0,0,0,0,,0,0,0,0,0,,0,0,0,,0,0,0,3,,2,2,2,2,2,2,2,0,1,1,1,2,1,1,2,16921,4,4,2,0,0,0,2
12B196,15,40083,4,1,0,2,1,221,2,61,4,3,7,1,2,2,2,2,2,2,0,0,,0,0,0,0,0,0,,0,0,0,0,0,,0,0,,0,0,0,0,0,0,0,0,0,,0,0,0,0,0,,0,0,,0,0,0,0,0,0,0,0,0,0,,0,0,0,0,0,,0,0,0,,0,0,0,3,,2,2,2,2,2,2,2,0,1,1,1,2,1,1,2,22167,4,4,2,0,0,0,2
11A192,15,40086,3,1,0,1,1,221,1,66,2,6,1,1,2,2,2,2,2,2,0,0,,0,0,0,0,0,0,,0,0,0,0,0,,0,0,,0,0,0,0,0,0,0,0,0,,0,0,0,0,0,,0,0,,0,0,0,0,0,0,0,0,0,0,,0,0,0,0,0,,0,0,0,,0,0,0,3,,2,2,2,2,2,2,2,0,2,0,1,2,2,2,2,16620,4,4,2,0,0,0,2
11A192,15,40086,1,1,0,2,1,221,2,68,2,6,7,1,2,2,2,2,2,2,0,0,,0,0,0,0,0,0,,0,0,0,0,0,,0,0,,0,0,0,0,0,0,0,0,0,,0,0,0,0,0,,0,0,,0,0,0,0,0,0,0,0,0,0,,0,0,0,0,0,,0,0,0,,0,0,0,3,,2,2,2,2,2,2,2,0,3,0,1,1,1,1,2,23204,4,4,2,0,0,0,2
11A192,15,40086,4,1,1,2,1,221,2,32,3,3,7,1,2,2,2,2,2,2,0,0,,0,0,0,0,0,0,,0,0,0,0,0,,0,0,,0,0,0,0,0,0,0,0,0,,0,0,0,0,0,,0,0,,0,0,0,0,0,0,0,0,0,0,,0,0,0,0,0,,0,0,0,,0,0,0,2,,2,2,2,2,2,2,2,0,2,0,1,1,1,2,2,12639,4,4,2,0,0,0,2
11A192,15,40086,2,1,0,1,1,221,1,39,4,3,1,1,2,2,2,2,2,2,0,0,,0,0,0,0,0,0,,0,0,0,0,0,,0,0,,0,0,0,0,0,0,0,0,0,,0,0,0,0,0,,0,0,,0,0,0,0,0,0,0,0,0,0,,0,0,0,0,0,,0,0,0,,0,0,0,2,,2,2,2,2,2,2,2,0,2,0,1,1,1,2,2,21631,4,4,2,0,0,0,2
12A192,15,40088,1,1,0,3,1,221,1,33,4,3,1,1,1,1,2,2,2,2,4,4,,2,2,2,1,2,2,,3,999999,1,2,1,,0,0,,0,0,0,0,0,0,0,0,0,,0,0,0,0,0,,0,0,,0,0,0,0,0,0,0,0,0,0,,0,0,0,0,0,,30,2,0,,2,3,1,0,,2,2,2,2,2,1,1,1,1,2,1,1,1,1,2,37674,1,1,1,1,0,0,1
12A192,15,40088,2,1,0,1,1,221,2,65,4,3,1,1,1,2,1,2,2,2,0,0,,0,0,0,0,0,0,,0,0,0,0,0,,2,4,,2,2,1,2,2,2,2,2,2,,2,0,2,1,1,,0,0,,0,0,0,0,0,0,0,0,0,0,,0,0,0,0,0,,30,2,0,,2,3,2,0,,2,2,2,2,2,2,2,0,1,1,1,1,1,1,2,19388,1,3,1,0,2,0,1
11A192,15,40115,3,1,0,1,1,221,1,55,2,3,1,2,0,0,0,0,0,0,0,0,,0,0,0,0,0,0,,0,0,0,0,0,,0,0,,0,0,0,0,0,0,0,0,0,,0,0,0,0,0,,0,0,,0,0,0,0,0,0,0,0,0,0,,0,0,0,0,0,,0,0,0,,0,0,0,0,,0,0,0,0,0,0,0,0,0,0,0,0,0,0,0,32660,0,0,0,0,0,0,0
11A192,15,40115,1,1,0,3,1,221,2,21,7,2,6,1,1,1,2,2,2,1,1,4,,2,2,2,1,2,2,,1,0,1,2,4,,0,0,,0,0,0,0,0,0,0,0,0,,0,0,0,0,0,,0,0,,0,0,0,0,0,0,0,0,0,0,,0,0,0,3,3,,30,2,0,,2,3,2,0,,1,2,2,2,2,1,1,2,1,4,1,1,1,1,2,27122,1,2,1,1,0,0,1
11A192,15,40115,4,1,0,1,1,221,1,36,3,3,1,1,2,2,2,2,2,2,0,0,,0,0,0,0,0,0,,0,0,0,0,0,,0,0,,0,0,0,0,0,0,0,0,0,,0,0,0,0,0,,0,0,,0,0,0,0,0,0,0,0,0,0,,0,0,0,0,0,,0,0,0,,0,0,0,3,,2,2,2,2,2,2,2,0,1,1,1,2,1,1,1,14499,4,4,2,0,0,0,2
11A192,15,40118,4,1,0,1,1,221,2,46,3,3,1,1,1,2,1,2,2,2,0,0,,0,0,0,0,0,0,,0,0,0,0,0,,2,1,,2,2,2,2,2,2,1,2,2,,2,0,2,1,1,,0,0,,0,0,0,0,0,0,0,0,0,0,,0,0,0,0,0,,60,2,0,,2,1,1,0,,1,2,2,2,2,1,1,1,2,0,1,1,1,1,1,12125,1,3,1,0,2,0,1
11A192,15,40118,1,1,1,2,1,221,2,26,4,3,7,1,2,2,2,2,2,2,0,0,,0,0,0,0,0,0,,0,0,0,0,0,,0,0,,0,0,0,0,0,0,0,0,0,,0,0,0,0,0,,0,0,,0,0,0,0,0,0,0,0,0,0,,0,0,0,0,0,,0,0,0,,0,0,0,3,,2,2,2,2,1,2,2,0,1,1,1,1,1,1,1,12601,4,4,2,0,0,0,2
11A192,15,40118,2,1,0,3,1,221,1,18,4,2,6,1,1,1,2,2,2,1,2,2,,2,1,2,2,2,2,,1,0,1,2,2,,0,0,,0,0,0,0,0,0,0,0,0,,0,0,0,0,0,,0,0,,0,0,0,0,0,0,0,0,0,0,,0,0,0,1,2,,30,2,0,,4,4,1,0,,2,2,2,2,2,1,1,1,1,2,1,1,1,1,1,23252,1,2,1,1,0,0,1
12B193,15,40134,1,1,0,1,1,221,1,64,3,3,1,1,1,1,1,1,2,2,4,3,,2,2,2,2,1,2,,2,0,2,1,1,,12,3,,2,2,2,2,2,2,1,2,2,,3,120,2,1,1,,12,3,,1,1,1,1,1,3,150,2,1,1,,0,0,0,0,0,,60,1,7,HACER TRABAJO EN CASA,3,2,2,0,,2,2,2,2,1,1,1,1,1,1,1,1,1,1,1,15954,1,2,1,2,2,2,1
12B193,15,40134,2,1,0,5,1,221,2,38,3,3,7,1,1,2,2,2,2,1,0,0,,0,0,0,0,0,0,,0,0,0,0,0,,0,0,,0,0,0,0,0,0,0,0,0,,0,0,0,0,0,,0,0,,0,0,0,0,0,0,0,0,0,0,,0,0,0,2,3,,30,2,0,,2,3,2,0,,2,2,2,2,2,2,2,0,1,1,1,1,1,1,1,39938,1,3,1,0,0,0,2
12B193,15,40134,3,1,0,1,1,221,2,31,3,3,1,1,2,2,2,2,2,2,0,0,,0,0,0,0,0,0,,0,0,0,0,0,,0,0,,0,0,0,0,0,0,0,0,0,,0,0,0,0,0,,0,0,,0,0,0,0,0,0,0,0,0,0,,0,0,0,0,0,,0,0,0,,0,0,0,4,,2,2,2,2,2,2,2,0,2,0,1,1,1,1,1,15520,4,4,2,0,0,0,2
11B187,15,40138,2,1,0,3,1,221,2,41,7,4,1,1,2,2,2,2,2,2,0,0,,0,0,0,0,0,0,,0,0,0,0,0,,0,0,,0,0,0,0,0,0,0,0,0,,0,0,0,0,0,,0,0,,0,0,0,0,0,0,0,0,0,0,,0,0,0,0,0,,0,0,0,,0,0,0,3,,2,2,2,2,2,2,2,0,2,0,1,1,1,1,1,34608,4,4,2,0,0,0,2
11B187,15,40138,4,1,0,2,1,221,2,44,3,3,7,1,1,1,1,2,2,1,1,4,,2,2,1,2,2,2,,3,100,2,1,1,,1,4,,2,2,1,2,2,2,2,2,2,,2,0,2,1,1,,0,0,,0,0,0,0,0,0,0,0,0,0,,0,0,0,3,3,,20,2,0,,3,2,2,0,,2,1,2,2,2,2,2,0,2,0,1,1,1,1,1,13843,1,2,1,2,2,0,1
11B187,15,40138,3,1,0,1,1,221,1,79,2,3,7,1,1,2,1,2,2,2,0,0,,0,0,0,0,0,0,,0,0,0,0,0,,2,4,,2,2,2,2,2,2,1,2,2,,3,100,2,1,1,,0,0,,0,0,0,0,0,0,0,0,0,0,,0,0,0,0,0,,60,2,0,,2,1,2,0,,2,2,2,2,2,2,2,0,2,0,1,2,2,2,2,35367,1,3,1,0,2,0,1
11B187,15,40138,1,1,0,1,1,221,2,43,4,3,1,1,1,1,2,2,2,2,4,3,,2,2,1,2,1,2,,2,0,2,1,1,,0,0,,0,0,0,0,0,0,0,0,0,,0,0,0,0,0,,0,0,,0,0,0,0,0,0,0,0,0,0,,0,0,0,0,0,,120,2,0,,2,3,2,0,,2,2,2,2,2,1,2,0,1,2,1,1,1,1,1,13843,1,1,1,2,0,0,1
12B187,15,40139,4,1,0,4,1,221,1,22,7,2,6,1,1,1,2,2,2,2,1,3,,2,2,1,2,2,2,,3,140,2,1,1,,0,0,,0,0,0,0,0,0,0,0,0,,0,0,0,0,0,,0,0,,0,0,0,0,0,0,0,0,0,0,,0,0,0,0,0,,40,2,0,,2,4,1,0,,2,2,2,2,1,1,1,1,1,1,1,1,1,1,2,39632,1,1,1,2,0,0,1
12B187,15,40139,1,1,0,1,1,221,1,46,7,5,1,1,1,1,1,1,2,2,2,4,,2,2,2,2,1,2,,3,1000,1,1,1,,2,4,,2,2,2,2,2,1,2,2,2,,3,200,2,1,1,,5,4,,1,1,1,1,1,3,100,2,1,1,,0,0,0,0,0,,60,2,0,,3,3,1,0,,2,1,2,2,1,1,1,1,1,3,1,1,2,1,1,19208,1,2,1,3,2,2,1
12B187,15,40139,3,1,0,1,1,221,2,42,7,3,1,1,2,2,2,2,2,2,0,0,,0,0,0,0,0,0,,0,0,0,0,0,,0,0,,0,0,0,0,0,0,0,0,0,,0,0,0,0,0,,0,0,,0,0,0,0,0,0,0,0,0,0,,0,0,0,0,0,,0,0,0,,0,0,0,4,,1,2,2,2,2,1,1,2,1,1,1,1,1,1,2,8291,4,4,2,0,0,0,2
12B187,15,40139,2,1,0,1,1,221,2,45,7,4,1,1,1,1,2,2,2,1,3,3,,2,2,2,1,2,2,,3,350,2,1,1,,0,0,,0,0,0,0,0,0,0,0,0,,0,0,0,0,0,,0,0,,0,0,0,0,0,0,0,0,0,0,,0,0,0,3,2,,60,2,0,,3,3,1,0,,2,2,2,2,1,1,1,2,1,2,1,1,1,1,1,7750,1,2,1,2,0,0,1
11B196,15,40141,4,1,0,1,1,221,1,57,7,4,4,1,2,2,2,2,2,2,0,0,,0,0,0,0,0,0,,0,0,0,0,0,,0,0,,0,0,0,0,0,0,0,0,0,,0,0,0,0,0,,0,0,,0,0,0,0,0,0,0,0,0,0,,0,0,0,0,0,,0,0,0,,0,0,0,1,,2,2,2,2,2,2,2,0,2,0,1,1,1,1,2,14440,4,4,2,0,0,0,2
11B196,15,40141,1,1,0,2,1,221,2,61,2,6,7,1,2,2,2,2,2,2,0,0,,0,0,0,0,0,0,,0,0,0,0,0,,0,0,,0,0,0,0,0,0,0,0,0,,0,0,0,0,0,,0,0,,0,0,0,0,0,0,0,0,0,0,,0,0,0,0,0,,0,0,0,,0,0,0,5,,2,2,2,2,2,2,2,0,2,0,1,1,1,1,2,14587,4,4,2,0,0,0,2
11B196,15,40141,3,1,0,2,1,221,1,59,4,3,1,1,1,1,2,2,2,2,1,5,,2,2,2,1,2,2,,1,0,1,2,4,,0,0,,0,0,0,0,0,0,0,0,0,,0,0,0,0,0,,0,0,,0,0,0,0,0,0,0,0,0,0,,0,0,0,0,0,,30,2,0,,3,3,2,0,,2,2,2,2,2,1,1,2,1,1,1,1,1,1,1,28879,1,1,1,1,0,0,1
11B196,15,40141,2,1,0,1,1,221,2,26,3,3,1,1,2,2,2,2,2,2,0,0,,0,0,0,0,0,0,,0,0,0,0,0,,0,0,,0,0,0,0,0,0,0,0,0,,0,0,0,0,0,,0,0,,0,0,0,0,0,0,0,0,0,0,,0,0,0,0,0,,0,0,0,,0,0,0,3,,2,2,2,2,2,1,2,0,2,0,1,1,1,1,1,14047,4,4,2,0,0,0,2
11B194,15,40190,4,1,0,1,1,221,2,50,4,1,1,1,1,1,2,1,2,2,1,4,,2,2,2,1,2,2,,3,550,2,1,1,,0,0,,0,0,0,0,0,0,0,0,0,,0,0,0,0,0,,1,4,,2,2,2,2,1,3,15,2,1,2,,0,0,0,0,0,,30,2,0,,2,3,2,0,,2,2,2,2,1,1,1,2,1,1,1,1,1,1,1,6922,1,2,1,2,0,2,1
11B194,15,40190,3,1,0,2,1,221,2,36,3,3,7,1,2,2,2,2,2,2,0,0,,0,0,0,0,0,0,,0,0,0,0,0,,0,0,,0,0,0,0,0,0,0,0,0,,0,0,0,0,0,,0,0,,0,0,0,0,0,0,0,0,0,0,,0,0,0,0,0,,0,0,0,,0,0,0,3,,2,2,2,2,2,3,2,0,3,0,1,1,1,1,1,14811,4,4,2,0,0,0,2
12B194,15,40219,4,1,1,2,1,221,2,43,3,3,7,1,2,2,2,2,2,2,0,0,,0,0,0,0,0,0,,0,0,0,0,0,,0,0,,0,0,0,0,0,0,0,0,0,,0,0,0,0,0,,0,0,,0,0,0,0,0,0,0,0,0,0,,0,0,0,0,0,,0,0,0,,0,0,0,2,,2,2,2,2,1,1,1,2,1,1,1,1,1,1,1,14358,4,4,2,0,0,0,2
12B194,15,40219,2,1,0,3,1,221,2,22,3,3,7,1,1,1,2,2,2,2,5,4,,2,2,2,1,2,2,,2,0,2,1,1,,0,0,,0,0,0,0,0,0,0,0,0,,0,0,0,0,0,,0,0,,0,0,0,0,0,0,0,0,0,0,,0,0,0,0,0,,30,2,0,,2,4,1,0,,2,2,2,2,1,1,1,2,1,1,1,1,1,1,1,39691,1,1,1,2,0,0,1
12B194,15,40219,3,1,0,5,1,221,2,18,4,3,1,1,1,1,1,2,2,1,10,2,,2,1,2,2,2,2,,2,0,2,1,1,,5,2,,2,2,2,2,2,1,2,2,2,,1,0,1,2,1,,0,0,,0,0,0,0,0,0,0,0,0,0,,0,0,0,1,2,,60,1,6,,2,3,1,0,,2,2,2,2,2,2,2,0,1,1,1,1,1,1,1,39691,1,2,1,2,1,0,1
12B194,15,40219,1,1,1,1,1,221,1,67,2,6,1,1,1,1,2,2,2,2,1,1,,1,2,2,2,2,2,,2,0,2,1,1,,0,0,,0,0,0,0,0,0,0,0,0,,0,0,0,0,0,,0,0,,0,0,0,0,0,0,0,0,0,0,,0,0,0,0,0,,30,1,6,,2,3,2,0,,2,2,2,2,2,1,2,0,2,0,1,1,1,1,1,18341,1,1,1,2,0,0,1
11B194,15,40223,1,1,0,1,1,221,2,70,2,3,7,1,1,1,2,2,2,2,1,5,,2,2,1,2,2,2,,3,160,2,1,1,,0,0,,0,0,0,0,0,0,0,0,0,,0,0,0,0,0,,0,0,,0,0,0,0,0,0,0,0,0,0,,0,0,0,0,0,,15,2,0,,2,2,2,0,,2,2,2,2,2,2,2,0,2,0,1,2,2,2,2,20213,1,1,1,2,0,0,1
11B194,15,40223,2,1,0,2,1,221,1,48,3,2,1,1,2,2,2,2,2,2,0,0,,0,0,0,0,0,0,,0,0,0,0,0,,0,0,,0,0,0,0,0,0,0,0,0,,0,0,0,0,0,,0,0,,0,0,0,0,0,0,0,0,0,0,,0,0,0,0,0,,0,0,0,,0,0,0,3,,2,2,2,2,2,2,2,0,2,0,1,2,2,1,1,39385,4,4,2,0,0,0,2
11B188,15,40227,2,1,0,5,1,221,1,22,4,3,1,1,1,2,2,1,1,1,0,0,,0,0,0,0,0,0,,0,0,0,0,0,,0,0,,0,0,0,0,0,0,0,0,0,,0,0,0,0,0,,2,3,,2,1,2,1,2,2,0,2,1,1,,2,1,2,2,4,,40,1,5,,4,4,2,0,,2,2,2,2,1,1,1,2,1,2,1,1,1,2,1,34092,1,3,1,0,0,2,1
11B188,15,40227,3,1,0,4,1,221,2,34,2,6,7,1,1,1,2,2,2,1,1,4,,2,2,2,1,2,2,,2,0,2,1,1,,0,0,,0,0,0,0,0,0,0,0,0,,0,0,0,0,0,,0,0,,0,0,0,0,0,0,0,0,0,0,,0,0,0,2,4,,60,2,0,,2,3,2,0,,2,2,2,2,1,1,1,2,1,1,1,1,1,1,1,22171,1,2,1,2,0,0,1
11B188,15,40227,1,1,0,1,1,221,2,49,3,3,1,1,1,2,2,1,2,1,0,0,,0,0,0,0,0,0,,0,0,0,0,0,,0,0,,0,0,0,0,0,0,0,0,0,,0,0,0,0,0,,2,3,,1,2,1,1,2,3,30,2,1,1,,0,0,0,2,4,,10,2,0,,2,2,2,0,,2,2,2,2,2,1,1,2,2,0,1,1,1,2,2,16000,1,3,1,0,0,2,1
12B194,15,40253,2,1,0,3,1,221,2,58,7,5,1,1,1,1,1,2,2,1,10,4,,2,2,2,1,1,2,,3,2000,2,1,1,,15,1,,2,2,2,2,2,1,2,2,2,,1,0,1,2,2,,0,0,,0,0,0,0,0,0,0,0,0,0,,0,0,0,2,1,,180,2,0,,3,4,1,0,,2,2,2,2,1,1,1,2,1,5,1,2,2,2,2,22994,1,2,1,2,1,0,1
11B188,15,40255,1,1,0,2,1,221,1,56,7,1,1,1,1,1,1,1,2,2,2,5,,2,2,1,2,2,2,,3,250,2,1,1,,2,3,,2,2,2,2,2,1,2,2,2,,3,100,2,1,1,,2,3,,2,2,1,2,2,1,0,1,2,1,,0,0,0,0,0,,30,2,0,,3,3,2,0,,2,2,2,2,1,1,1,1,1,1,1,1,1,1,1,11216,1,2,1,2,2,1,1
11B188,15,40255,4,1,0,1,1,221,1,50,4,3,1,1,2,2,2,2,2,2,0,0,,0,0,0,0,0,0,,0,0,0,0,0,,0,0,,0,0,0,0,0,0,0,0,0,,0,0,0,0,0,,0,0,,0,0,0,0,0,0,0,0,0,0,,0,0,0,0,0,,0,0,0,,0,0,0,2,,2,2,2,2,1,1,1,1,1,1,1,1,1,1,1,6505,4,4,2,0,0,0,2
11B188,15,40255,3,1,0,6,1,221,2,21,4,3,1,1,1,2,2,2,2,1,0,0,,0,0,0,0,0,0,,0,0,0,0,0,,0,0,,0,0,0,0,0,0,0,0,0,,0,0,0,0,0,,0,0,,0,0,0,0,0,0,0,0,0,0,,0,0,0,1,4,,30,1,6,,3,3,1,0,,2,2,2,2,1,1,1,1,1,1,1,1,1,1,1,31048,1,3,1,0,0,0,2
11B188,15,40255,2,1,0,4,1,221,1,52,3,3,1,1,2,2,2,2,2,2,0,0,,0,0,0,0,0,0,,0,0,0,0,0,,0,0,,0,0,0,0,0,0,0,0,0,,0,0,0,0,0,,0,0,,0,0,0,0,0,0,0,0,0,0,,0,0,0,0,0,,0,0,0,,0,0,0,3,,2,2,2,2,1,3,3,0,2,0,1,1,1,1,1,26020,4,4,2,0,0,0,2
11B188,15,40256,4,1,0,2,1,221,1,37,2,6,1,1,2,2,2,2,2,2,0,0,,0,0,0,0,0,0,,0,0,0,0,0,,0,0,,0,0,0,0,0,0,0,0,0,,0,0,0,0,0,,0,0,,0,0,0,0,0,0,0,0,0,0,,0,0,0,0,0,,0,0,0,,0,0,0,2,,2,2,2,2,1,1,1,1,1,2,1,1,1,1,1,26808,4,4,2,0,0,0,2
11B188,15,40256,2,1,0,2,1,221,1,23,6,2,1,1,2,2,2,2,2,2,0,0,,0,0,0,0,0,0,,0,0,0,0,0,,0,0,,0,0,0,0,0,0,0,0,0,,0,0,0,0,0,,0,0,,0,0,0,0,0,0,0,0,0,0,,0,0,0,0,0,,0,0,0,,0,0,0,1,,1,1,2,2,1,2,1,3,1,1,1,1,1,1,1,28906,4,4,2,0,0,0,2
11B188,15,40256,1,1,0,3,1,221,1,32,3,2,1,1,1,1,2,2,2,2,1,5,,2,2,1,2,2,2,,3,300,2,1,1,,0,0,,0,0,0,0,0,0,0,0,0,,0,0,0,0,0,,0,0,,0,0,0,0,0,0,0,0,0,0,,0,0,0,0,0,,30,2,0,,2,2,2,0,,2,2,2,2,2,2,2,0,1,1,1,1,2,1,1,20955,1,1,1,2,0,0,1
11B188,15,40259,2,1,0,4,1,221,2,27,7,4,1,1,1,1,2,2,2,1,1,4,,2,1,2,2,2,2,,3,300,2,1,1,,0,0,,0,0,0,0,0,0,0,0,0,,0,0,0,0,0,,0,0,,0,0,0,0,0,0,0,0,0,0,,0,0,0,3,1,,60,1,5,,3,2,1,0,,1,2,2,2,1,1,1,2,1,2,1,1,1,1,1,24883,1,2,1,2,0,0,1
11B188,15,40259,1,1,0,1,1,221,1,34,3,3,1,1,2,2,2,2,2,2,0,0,,0,0,0,0,0,0,,0,0,0,0,0,,0,0,,0,0,0,0,0,0,0,0,0,,0,0,0,0,0,,0,0,,0,0,0,0,0,0,0,0,0,0,,0,0,0,0,0,,0,0,0,,0,0,0,3,,2,2,2,2,2,2,2,0,2,0,1,1,1,1,1,14794,4,4,2,0,0,0,2
11B188,15,40259,3,1,1,1,1,221,1,32,3,3,1,1,2,2,2,2,2,2,0,0,,0,0,0,0,0,0,,0,0,0,0,0,,0,0,,0,0,0,0,0,0,0,0,0,,0,0,0,0,0,,0,0,,0,0,0,0,0,0,0,0,0,0,,0,0,0,0,0,,0,0,0,,0,0,0,4,,2,2,2,2,1,1,1,2,1,1,1,1,1,1,1,14794,4,4,2,0,0,0,2
11B188,15,40259,4,1,0,2,1,221,2,43,2,6,7,1,2,2,2,2,2,2,0,0,,0,0,0,0,0,0,,0,0,0,0,0,,0,0,,0,0,0,0,0,0,0,0,0,,0,0,0,0,0,,0,0,,0,0,0,0,0,0,0,0,0,0,,0,0,0,0,0,,0,0,0,,0,0,0,3,,2,2,2,2,1,1,1,2,2,0,1,2,2,2,2,12807,4,4,2,0,0,0,2
11A191,15,40284,1,1,0,2,1,221,2,52,7,3,1,1,1,1,1,1,2,2,2,4,,1,2,2,1,2,2,,3,999999,1,1,1,,1,3,,2,2,2,2,2,1,2,2,2,,1,0,1,2,1,,1,3,,1,2,2,2,2,1,0,1,2,1,,0,0,0,0,0,,60,2,0,,2,3,1,0,,2,2,2,2,1,1,1,2,1,3,1,1,1,1,1,10679,1,2,1,3,1,1,1
11A191,15,40284,3,1,0,1,1,221,1,46,2,6,1,1,2,2,2,2,2,2,0,0,,0,0,0,0,0,0,,0,0,0,0,0,,0,0,,0,0,0,0,0,0,0,0,0,,0,0,0,0,0,,0,0,,0,0,0,0,0,0,0,0,0,0,,0,0,0,0,0,,0,0,0,,0,0,0,4,,2,2,2,2,1,1,1,1,1,2,1,1,1,1,1,26466,4,4,2,0,0,0,2
11A191,15,40284,4,1,0,2,1,221,2,31,4,1,7,1,1,2,1,2,2,2,0,0,,0,0,0,0,0,0,,0,0,0,0,0,,2,2,,2,2,2,2,2,2,2,1,2,,2,0,2,1,1,,0,0,,0,0,0,0,0,0,0,0,0,0,,0,0,0,0,0,,20,2,0,,2,3,2,0,,2,2,2,2,1,2,2,0,2,0,1,1,1,1,1,22196,1,3,1,0,2,0,1
11A191,15,40284,2,1,1,2,1,221,2,26,4,3,7,1,1,2,1,2,2,1,0,0,,0,0,0,0,0,0,,0,0,0,0,0,,2,4,,2,2,2,2,2,2,2,1,2,,1,0,1,2,1,,0,0,,0,0,0,0,0,0,0,0,0,0,,0,0,0,1,3,,15,2,0,,2,3,1,0,,2,2,2,2,2,1,1,2,1,2,1,1,1,1,1,11098,1,3,1,0,1,0,1
11A191,15,40286,1,1,1,2,1,221,2,31,3,2,7,1,1,2,1,2,2,2,0,0,,0,0,0,0,0,0,,0,0,0,0,0,,2,3,,1,2,1,2,2,2,2,2,2,,3,57,2,1,1,,0,0,,0,0,0,0,0,0,0,0,0,0,,0,0,0,0,0,,30,1,7,COCINAR,3,3,1,0,,2,1,2,2,1,1,1,2,1,2,1,1,1,1,3,14103,1,3,1,0,2,0,1
11A191,15,40286,3,1,1,2,1,221,1,65,3,3,8,1,1,1,2,2,2,2,4,4,,2,2,1,2,1,2,,1,0,2,1,1,,0,0,,0,0,0,0,0,0,0,0,0,,0,0,0,0,0,,0,0,,0,0,0,0,0,0,0,0,0,0,,0,0,0,0,0,,30,2,0,,2,1,1,0,,2,1,2,2,2,2,2,0,2,0,1,2,1,2,3,18544,1,1,1,2,0,0,1
11A191,15,40286,4,1,0,2,1,221,2,49,2,6,7,1,1,1,1,2,2,2,6,4,,1,2,1,2,2,2,,2,0,2,1,1,,2,3,,2,2,2,2,1,2,1,2,2,,3,8,2,1,1,,0,0,,0,0,0,0,0,0,0,0,0,0,,0,0,0,0,0,,15,1,7,COCINAR,4,3,2,0,,2,1,2,2,1,2,2,0,1,1,1,1,1,1,1,20356,1,2,1,2,2,0,1
11B195,15,40337,1,1,0,6,1,221,1,49,2,6,1,1,2,2,2,2,2,2,0,0,,0,0,0,0,0,0,,0,0,0,0,0,,0,0,,0,0,0,0,0,0,0,0,0,,0,0,0,0,0,,0,0,,0,0,0,0,0,0,0,0,0,0,,0,0,0,0,0,,0,0,0,,0,0,0,3,,2,2,2,2,2,2,2,0,3,0,1,1,1,2,2,24981,4,4,2,0,0,0,2
11B195,15,40337,3,1,0,3,1,221,2,26,2,6,1,1,1,1,1,2,2,2,3,4,,2,2,2,1,2,2,,2,0,1,2,1,,2,4,,2,2,2,2,2,2,2,1,2,,2,0,2,1,1,,0,0,,0,0,0,0,0,0,0,0,0,0,,0,0,0,0,0,,30,2,0,,2,2,2,0,,2,2,2,2,2,1,1,2,2,0,1,1,1,1,2,27933,1,2,1,1,2,0,1
11B195,15,40337,4,1,0,2,1,221,2,23,4,1,1,1,2,2,2,2,2,2,0,0,,0,0,0,0,0,0,,0,0,0,0,0,,0,0,,0,0,0,0,0,0,0,0,0,,0,0,0,0,0,,0,0,,0,0,0,0,0,0,0,0,0,0,,0,0,0,0,0,,0,0,0,,0,0,0,1,,2,2,2,2,1,1,1,2,2,0,1,1,1,2,2,19872,4,4,2,0,0,0,2
11B195,15,40337,2,1,0,1,1,221,2,80,0, ,9,2,0,0,0,0,0,0,0,0,,0,0,0,0,0,0,,0,0,0,0,0,,0,0,,0,0,0,0,0,0,0,0,0,,0,0,0,0,0,,0,0,,0,0,0,0,0,0,0,0,0,0,,0,0,0,0,0,,0,0,0,,0,0,0,0,,0,0,0,0,0,0,0,0,0,0,0,0,0,0,0,8546,0,0,0,0,0,0,0
12A191,15,40345,4,1,0,2,1,221,2,69,7,5,1,1,1,1,2,1,2,1,10,1,,2,1,2,2,2,2,,3,999999,1,1,1,,0,0,,0,0,0,0,0,0,0,0,0,,0,0,0,0,0,,3,3,,1,2,2,2,2,2,0,2,1,1,,0,0,0,1,3,,120,2,0,,2,4,1,0,,2,2,2,2,1,1,1,2,1,6,1,1,1,1,1,17642,1,2,1,3,0,2,1
12A191,15,40346,4,1,0,2,1,221,2,50,3,3,7,1,1,1,2,1,2,1,2,4,,2,2,1,2,2,2,,2,0,2,1,1,,0,0,,0,0,0,0,0,0,0,0,0,,0,0,0,0,0,,1,4,,1,2,2,2,2,2,0,2,1,1,,0,0,0,2,3,,20,2,0,,2,3,2,0,,2,1,2,2,2,1,2,0,1,1,1,1,1,1,1,24542,1,2,1,2,0,2,1
12A191,15,40346,1,1,0,1,1,221,1,72,2,6,1,1,1,1,2,2,2,2,2,4,,2,2,2,1,2,2,,3,20,2,1,1,,0,0,,0,0,0,0,0,0,0,0,0,,0,0,0,0,0,,0,0,,0,0,0,0,0,0,0,0,0,0,,0,0,0,0,0,,90,2,0,,2,4,1,0,,2,1,2,2,2,2,2,0,2,0,1,2,1,2,2,22357,1,1,1,2,0,0,1
11A191,15,40347,4,1,0,1,1,221,2,62,2,6,7,1,2,2,2,2,2,2,0,0,,0,0,0,0,0,0,,0,0,0,0,0,,0,0,,0,0,0,0,0,0,0,0,0,,0,0,0,0,0,,0,0,,0,0,0,0,0,0,0,0,0,0,,0,0,0,0,0,,0,0,0,,0,0,0,4,,2,2,2,2,2,2,2,0,2,0,1,2,2,2,2,16218,4,4,2,0,0,0,2
11A191,15,40347,1,1,0,3,1,221,1,40,4,3,1,1,1,2,1,2,2,2,0,0,,0,0,0,0,0,0,,0,0,0,0,0,,3,4,,2,2,2,2,2,2,2,1,2,,2,0,2,1,5,CENTRO COMERCIAL,0,0,,0,0,0,0,0,0,0,0,0,0,,0,0,0,0,0,,30,2,0,,2,3,2,0,,1,2,2,2,1,1,1,2,1,1,1,1,1,1,1,26727,1,3,1,0,2,0,1
11A191,15,40347,3,1,0,1,1,221,2,53,3,3,1,1,1,1,1,1,1,2,10,4,,2,2,2,1,2,2,,3,300,2,1,1,,30,4,,2,2,2,2,2,2,2,1,2,,2,0,2,1,1,,5,3,,2,2,1,2,1,2,0,2,1,1,,2,2,1,0,0,,180,2,0,,4,4,1,0,,2,1,2,2,1,1,1,2,1,2,1,1,1,1,1,22542,1,2,1,2,2,2,1
11B195,15,40368,4,1,1,1,1,221,1,38,3,3,1,1,1,1,2,2,2,1,3,3,,2,2,2,2,1,2,,3,300,2,1,2,,0,0,,0,0,0,0,0,0,0,0,0,,0,0,0,0,0,,0,0,,0,0,0,0,0,0,0,0,0,0,,0,0,0,2,3,,20,2,0,,2,2,1,0,,2,2,2,2,2,1,1,2,1,1,1,2,1,1,1,7814,1,2,1,2,0,0,1
11B195,15,40368,2,1,0,2,1,221,1,56,3,2,1,1,2,2,2,2,2,2,0,0,,0,0,0,0,0,0,,0,0,0,0,0,,0,0,,0,0,0,0,0,0,0,0,0,,0,0,0,0,0,,0,0,,0,0,0,0,0,0,0,0,0,0,,0,0,0,0,0,,0,0,0,,0,0,0,3,,2,2,2,2,2,2,2,0,2,0,1,2,2,2,2,14080,4,4,2,0,0,0,2
11B195,15,40368,1,1,0,1,1,221,1,33,3,3,1,1,1,1,1,1,1,1,3,4,,2,2,2,2,1,2,,1,0,1,1,1,,1,4,,2,2,2,2,2,2,1,2,2,,1,0,1,2,1,,1,4,,1,2,2,2,2,1,0,1,2,1,,4,2,1,3,4,,40,1,5,,3,3,1,0,,2,2,2,2,1,1,1,2,1,5,1,1,1,1,1,16287,1,2,1,3,1,1,1
11B195,15,40368,3,1,0,2,1,221,2,58,4,3,7,1,1,1,2,2,2,1,3,3,,2,1,2,2,2,2,,3,300,2,1,1,,0,0,,0,0,0,0,0,0,0,0,0,,0,0,0,0,0,,0,0,,0,0,0,0,0,0,0,0,0,0,,0,0,0,1,2,,120,2,0,,4,4,1,0,,2,2,2,2,1,1,1,1,1,1,1,1,1,1,1,28448,1,2,1,2,0,0,1
11B193,15,41015,1,1,0,1,16,221,2,65,2,6,7,1,2,2,2,2,2,2,0,0,,0,0,0,0,0,0,,0,0,0,0,0,,0,0,,0,0,0,0,0,0,0,0,0,,0,0,0,0,0,,0,0,,0,0,0,0,0,0,0,0,0,0,,0,0,0,0,0,,0,0,0,,0,0,0,2,,2,2,2,2,2,2,2,0,1,1,1,1,1,2,2,17581,4,4,2,0,0,0,2
11B193,15,41015,2,1,0,2,16,221,2,36,8,3,1,1,1,1,2,2,2,1,2,1,,2,1,2,2,2,2,,3,700,2,1,1,,0,0,,0,0,0,0,0,0,0,0,0,,0,0,0,0,0,,0,0,,0,0,0,0,0,0,0,0,0,0,,0,0,0,2,1,,60,2,0,,2,3,2,0,,2,2,2,2,2,2,2,0,1,2,1,1,1,1,1,14786,1,2,1,2,0,0,1
11B193,15,41015,4,1,1,1,16,221,1,31,6,3,1,1,2,2,2,2,2,2,0,0,,0,0,0,0,0,0,,0,0,0,0,0,,0,0,,0,0,0,0,0,0,0,0,0,,0,0,0,0,0,,0,0,,0,0,0,0,0,0,0,0,0,0,,0,0,0,0,0,,0,0,0,,0,0,0,2,,2,2,2,2,2,2,2,0,2,0,1,1,1,1,1,17080,4,4,2,0,0,0,2
12B196,15,41052,4,1,0,2,16,221,1,28,3,3,1,1,1,2,2,2,2,1,0,0,,0,0,0,0,0,0,,0,0,0,0,0,,0,0,,0,0,0,0,0,0,0,0,0,,0,0,0,0,0,,0,0,,0,0,0,0,0,0,0,0,0,0,,0,0,0,2,3,,15,2,0,,1,2,2,0,,2,2,2,2,2,1,2,0,1,2,1,1,1,2,1,19072,1,3,1,0,0,0,2
12A192,15,41063,4,1,0,1,16,221,1,41,6,3,1,1,2,2,2,2,2,2,0,0,,0,0,0,0,0,0,,0,0,0,0,0,,0,0,,0,0,0,0,0,0,0,0,0,,0,0,0,0,0,,0,0,,0,0,0,0,0,0,0,0,0,0,,0,0,0,0,0,,0,0,0,,0,0,0,1,,1,1,1,1,2,2,2,0,2,0,1,2,2,2,2,51269,4,4,2,0,0,0,2
12A192,15,41063,2,1,0,1,16,221,1,53,3,3,1,1,2,2,2,2,2,2,0,0,,0,0,0,0,0,0,,0,0,0,0,0,,0,0,,0,0,0,0,0,0,0,0,0,,0,0,0,0,0,,0,0,,0,0,0,0,0,0,0,0,0,0,,0,0,0,0,0,,0,0,0,,0,0,0,2,,2,2,2,2,2,2,2,0,1,1,1,1,1,1,1,53583,4,4,2,0,0,0,2
12A192,15,41063,1,1,0,1,16,221,1,43,2,6,1,1,1,2,2,1,2,1,0,0,,0,0,0,0,0,0,,0,0,0,0,0,,0,0,,0,0,0,0,0,0,0,0,0,,0,0,0,0,0,,5,3,,1,1,2,2,1,3,40,2,1,2,,0,0,0,1,4,,15,2,0,,2,2,2,0,,2,2,2,2,1,1,1,1,2,0,1,1,1,1,1,64086,1,3,1,0,0,2,1
12A192,15,41063,3,1,0,2,16,221,2,56,3,3,7,1,2,2,2,2,2,2,0,0,,0,0,0,0,0,0,,0,0,0,0,0,,0,0,,0,0,0,0,0,0,0,0,0,,0,0,0,0,0,,0,0,,0,0,0,0,0,0,0,0,0,0,,0,0,0,0,0,,0,0,0,,0,0,0,2,,2,2,2,2,2,2,2,0,2,0,1,1,1,2,2,69996,4,4,2,0,0,0,2
11B196,15,41120,1,1,0,1,16,221,1,50,3,3,1,1,1,2,2,1,2,2,0,0,,0,0,0,0,0,0,,0,0,0,0,0,,0,0,,0,0,0,0,0,0,0,0,0,,0,0,0,0,0,,7,4,,2,1,2,2,2,3,35,2,1,2,,0,0,0,0,0,,20,2,0,,2,2,2,0,,2,2,2,2,1,1,1,2,1,1,1,1,1,1,1,9153,1,3,1,0,0,2,1
11B196,15,41120,3,1,0,2,16,221,2,51,3,3,7,1,1,1,2,2,2,2,1,5,,2,2,1,2,2,2,,3,100,2,1,1,,0,0,,0,0,0,0,0,0,0,0,0,,0,0,0,0,0,,0,0,,0,0,0,0,0,0,0,0,0,0,,0,0,0,0,0,,10,2,0,,2,2,1,0,,2,2,2,2,1,2,2,0,2,0,1,1,1,1,1,14772,1,1,1,2,0,0,1
11B196,15,41120,2,1,0,1,16,221,1,31,4,3,1,1,1,2,1,2,2,2,0,0,,0,0,0,0,0,0,,0,0,0,0,0,,5,4,,2,2,1,2,2,1,2,2,2,,2,0,2,1,1,,0,0,,0,0,0,0,0,0,0,0,0,0,,0,0,0,0,0,,10,2,0,,2,2,1,0,,2,2,2,2,2,2,2,0,2,0,1,1,1,2,1,18253,1,3,1,0,2,0,1
11A192,15,41123,3,1,0,2,16,221,2,32,4,3,7,1,2,2,2,2,2,2,0,0,,0,0,0,0,0,0,,0,0,0,0,0,,0,0,,0,0,0,0,0,0,0,0,0,,0,0,0,0,0,,0,0,,0,0,0,0,0,0,0,0,0,0,,0,0,0,0,0,,0,0,0,,0,0,0,1,,2,2,2,2,2,2,2,0,2,0,1,1,1,2,2,11283,4,4,2,0,0,0,2
11A192,15,41123,1,1,0,1,16,221,2,74,2,4,7,1,2,2,2,2,2,2,0,0,,0,0,0,0,0,0,,0,0,0,0,0,,0,0,,0,0,0,0,0,0,0,0,0,,0,0,0,0,0,,0,0,,0,0,0,0,0,0,0,0,0,0,,0,0,0,0,0,,0,0,0,,0,0,0,5,,2,2,2,2,2,3,2,0,3,0,1,2,2,2,2,6905,4,4,2,0,0,0,2
11A192,15,41123,4,1,0,1,16,221,2,47,3,3,7,1,1,2,2,2,2,1,0,0,,0,0,0,0,0,0,,0,0,0,0,0,,0,0,,0,0,0,0,0,0,0,0,0,,0,0,0,0,0,,0,0,,0,0,0,0,0,0,0,0,0,0,,0,0,0,1,6,COVID19,30,2,0,,2,4,1,0,,2,2,2,2,1,2,1,1,1,1,1,1,1,1,1,21715,1,3,1,0,0,0,2
11B187,15,41152,3,1,0,2,16,221,2,35,6,3,1,1,2,2,2,2,2,2,0,0,,0,0,0,0,0,0,,0,0,0,0,0,,0,0,,0,0,0,0,0,0,0,0,0,,0,0,0,0,0,,0,0,,0,0,0,0,0,0,0,0,0,0,,0,0,0,0,0,,0,0,0,,0,0,0,2,,2,2,2,2,2,2,2,0,1,1,1,1,1,2,1,17818,4,4,2,0,0,0,2
11B187,15,41152,2,1,0,10,16,221,2,30,3,3,1,1,2,2,2,2,2,2,0,0,,0,0,0,0,0,0,,0,0,0,0,0,,0,0,,0,0,0,0,0,0,0,0,0,,0,0,0,0,0,,0,0,,0,0,0,0,0,0,0,0,0,0,,0,0,0,0,0,,0,0,0,,0,0,0,2,,2,2,2,2,2,2,2,0,2,0,1,1,1,2,2,69238,4,4,2,0,0,0,2
11B187,15,41152,1,1,0,2,16,221,2,30,4,3,1,1,2,2,2,2,2,2,0,0,,0,0,0,0,0,0,,0,0,0,0,0,,0,0,,0,0,0,0,0,0,0,0,0,,0,0,0,0,0,,0,0,,0,0,0,0,0,0,0,0,0,0,,0,0,0,0,0,,0,0,0,,0,0,0,2,,2,2,2,2,2,2,2,0,1,1,1,1,1,2,2,25965,4,4,2,0,0,0,2
13B194,15,41212,3,1,0,1,16,221,2,72,2,3,1,1,2,2,2,2,2,2,0,0,,0,0,0,0,0,0,,0,0,0,0,0,,0,0,,0,0,0,0,0,0,0,0,0,,0,0,0,0,0,,0,0,,0,0,0,0,0,0,0,0,0,0,,0,0,0,0,0,,0,0,0,,0,0,0,1,,2,2,2,2,2,2,2,0,2,0,1,1,1,1,3,13239,4,4,2,0,0,0,2
13B194,15,41212,4,1,0,1,16,221,1,27,3,3,1,1,2,2,2,2,2,2,0,0,,0,0,0,0,0,0,,0,0,0,0,0,,0,0,,0,0,0,0,0,0,0,0,0,,0,0,0,0,0,,0,0,,0,0,0,0,0,0,0,0,0,0,,0,0,0,0,0,,0,0,0,,0,0,0,3,,2,2,2,2,2,2,2,0,2,0,1,1,1,2,2,25723,4,4,2,0,0,0,2
13B194,15,41212,2,1,0,2,16,221,2,35,2,6,7,1,2,2,2,2,2,2,0,0,,0,0,0,0,0,0,,0,0,0,0,0,,0,0,,0,0,0,0,0,0,0,0,0,,0,0,0,0,0,,0,0,,0,0,0,0,0,0,0,0,0,0,,0,0,0,0,0,,0,0,0,,0,0,0,2,,2,2,2,2,2,2,2,0,2,0,1,1,1,2,2,22268,4,4,2,0,0,0,2
11B194,15,41241,3,1,0,1,16,221,1,56,6,3,1,1,1,1,1,2,2,2,3,4,,2,2,1,2,1,2,,3,400,2,1,1,,2,3,,2,2,1,2,2,2,1,2,2,,3,60,2,1,1,,0,0,,0,0,0,0,0,0,0,0,0,0,,0,0,0,0,0,,30,2,0,,2,3,1,0,,2,1,2,1,2,1,1,1,1,2,1,1,1,1,1,3234,1,2,1,2,2,0,1
11B194,15,41241,4,1,0,1,16,221,1,44,2,6,4,1,2,2,2,2,2,2,0,0,,0,0,0,0,0,0,,0,0,0,0,0,,0,0,,0,0,0,0,0,0,0,0,0,,0,0,0,0,0,,0,0,,0,0,0,0,0,0,0,0,0,0,,0,0,0,0,0,,0,0,0,,0,0,0,1,,2,2,2,2,2,2,2,0,1,1,1,1,1,1,1,7180,4,4,2,0,0,0,2
11B188,15,41276,4,1,0,2,16,221,2,56,7,4,1,1,2,2,2,2,2,2,0,0,,0,0,0,0,0,0,,0,0,0,0,0,,0,0,,0,0,0,0,0,0,0,0,0,,0,0,0,0,0,,0,0,,0,0,0,0,0,0,0,0,0,0,,0,0,0,0,0,,0,0,0,,0,0,0,2,,2,2,2,2,2,2,2,0,1,1,1,1,1,1,1,29541,4,4,2,0,0,0,2
11B188,15,41276,3,1,0,1,16,221,1,73,0, ,1,2,0,0,0,0,0,0,0,0,,0,0,0,0,0,0,,0,0,0,0,0,,0,0,,0,0,0,0,0,0,0,0,0,,0,0,0,0,0,,0,0,,0,0,0,0,0,0,0,0,0,0,,0,0,0,0,0,,0,0,0,,0,0,0,0,,0,0,0,0,0,0,0,0,0,0,0,0,0,0,0,24938,0,0,0,0,0,0,0
13B188,15,41281,4,1,0,1,16,221,1,39,7,3,1,1,1,1,2,2,2,1,4,1,,2,1,2,2,2,2,,3,1000,2,1,1,,0,0,,0,0,0,0,0,0,0,0,0,,0,0,0,0,0,,0,0,,0,0,0,0,0,0,0,0,0,0,,0,0,0,2,1,,40,2,0,,3,3,1,0,,2,2,2,1,1,1,1,2,1,3,1,1,1,1,1,7335,1,2,1,2,0,0,1
12B195,15,41373,1,1,0,2,16,221,2,52,4,3,1,1,1,1,2,2,2,2,1,4,,2,2,2,1,2,2,,2,0,2,1,1,,0,0,,0,0,0,0,0,0,0,0,0,,0,0,0,0,0,,0,0,,0,0,0,0,0,0,0,0,0,0,,0,0,0,0,0,,45,2,0,,2,3,2,0,,2,2,2,2,2,2,2,0,1,1,1,1,1,2,2,18347,1,1,1,2,0,0,1
12B195,15,41373,2,1,0,4,16,221,1,18,4,3,6,1,1,1,2,2,2,1,3,2,,2,1,2,2,2,2,,1,0,1,2,1,,0,0,,0,0,0,0,0,0,0,0,0,,0,0,0,0,0,,0,0,,0,0,0,0,0,0,0,0,0,0,,0,0,0,3,2,,60,2,0,,2,3,1,0,,2,2,2,2,1,1,1,2,1,3,1,1,1,1,1,31274,1,2,1,1,0,0,1
12B195,15,41373,3,1,0,1,16,221,1,61,3,3,1,1,1,2,1,2,1,1,0,0,,0,0,0,0,0,0,,0,0,0,0,0,,2,4,,1,2,2,2,2,1,2,2,2,,3,45,2,1,1,,0,0,,0,0,0,0,0,0,0,0,0,0,,5,2,1,5,4,,30,2,0,,2,3,2,0,,1,1,2,2,1,1,1,2,1,1,1,1,1,1,1,32667,1,3,1,0,2,0,1
12A191,15,41408,1,1,0,2,16,221,1,26,7,5,1,1,1,1,2,2,2,1,3,2,,2,1,2,2,2,2,,1,0,1,2,1,,0,0,,0,0,0,0,0,0,0,0,0,,0,0,0,0,0,,0,0,,0,0,0,0,0,0,0,0,0,0,,0,0,0,1,2,,60,2,0,,3,3,2,0,,2,2,2,2,1,1,1,2,1,1,1,1,1,1,1,19368,1,2,1,1,0,0,1
12A191,15,41408,4,1,0,1,16,221,2,35,4,3,4,1,1,1,2,2,2,1,7,5,,2,2,1,2,2,2,,2,0,2,1,1,,0,0,,0,0,0,0,0,0,0,0,0,,0,0,0,0,0,,0,0,,0,0,0,0,0,0,0,0,0,0,,0,0,0,1,5,,120,2,0,,1,3,1,0,,2,2,2,2,1,1,1,2,1,5,1,1,1,1,1,8383,1,2,1,2,0,0,1
12A191,15,41408,2,1,0,2,16,221,2,28,5,3,1,1,1,1,2,1,2,1,3,3,,1,2,2,2,1,2,,1,0,1,2,1,,0,0,,0,0,0,0,0,0,0,0,0,,0,0,0,0,0,,1,3,,2,2,1,2,2,1,0,1,2,1,,0,0,0,3,3,,30,1,3,,3,4,1,0,,2,2,2,2,1,1,1,2,1,4,1,1,1,1,1,16288,1,2,1,1,0,1,1
13A192,16,40027,2,1,0,3,15,221,2,41,6,3,1,1,1,1,2,2,2,1,2,4,,2,2,2,1,2,2,,1,0,1,2,1,,0,0,,0,0,0,0,0,0,0,0,0,,0,0,0,0,0,,0,0,,0,0,0,0,0,0,0,0,0,0,,0,0,0,2,4,,45,2,0,,3,3,2,0,,2,2,2,2,2,2,2,0,1,1,1,2,1,2,2,57987,1,2,1,1,0,0,1
13A192,16,40027,1,1,0,1,15,221,2,76,3,3,7,1,1,1,2,2,2,2,3,4,,2,2,2,2,1,2,,2,0,2,1,1,,0,0,,0,0,0,0,0,0,0,0,0,,0,0,0,0,0,,0,0,,0,0,0,0,0,0,0,0,0,0,,0,0,0,0,0,,30,2,0,,4,4,2,0,,2,2,2,2,1,2,2,0,1,5,1,2,1,2,1,11491,1,1,1,2,0,0,1
11B193,16,40046,1,1,0,1,15,221,1,44,3,2,1,1,2,2,2,1,2,2,0,0,,0,0,0,0,0,0,,0,0,0,0,0,,0,0,,0,0,0,0,0,0,0,0,0,,0,0,0,0,0,,2,4,,2,1,2,2,1,2,0,2,1,2,,0,0,0,0,0,,20,2,0,,3,3,2,0,,2,2,2,2,2,2,2,0,2,0,1,1,1,2,2,13209,3,3,1,0,0,2,1
11B193,16,40046,2,1,0,1,15,221,1,71,3,2,8,1,2,1,1,2,2,2,1,4,,2,2,2,1,2,2,,2,0,2,1,1,,3,4,,2,2,2,2,2,2,2,1,2,,2,0,2,1,1,,0,0,,0,0,0,0,0,0,0,0,0,0,,0,0,0,0,0,,30,2,0,,2,3,2,0,,2,2,2,2,1,2,2,0,2,0,1,1,1,2,2,30447,3,2,1,2,2,0,1
11B193,16,40046,3,1,0,2,15,221,2,67,2,6,1,1,2,2,2,2,2,2,0,0,,0,0,0,0,0,0,,0,0,0,0,0,,0,0,,0,0,0,0,0,0,0,0,0,,0,0,0,0,0,,0,0,,0,0,0,0,0,0,0,0,0,0,,0,0,0,0,0,,0,0,0,,0,0,0,3,,2,2,2,2,2,2,2,0,2,0,1,2,2,2,2,28340,4,4,2,0,0,0,2
11B193,16,40046,4,1,0,5,15,221,2,25,7,4,7,1,2,2,2,2,2,2,0,0,,0,0,0,0,0,0,,0,0,0,0,0,,0,0,,0,0,0,0,0,0,0,0,0,,0,0,0,0,0,,0,0,,0,0,0,0,0,0,0,0,0,0,,0,0,0,0,0,,0,0,0,,0,0,0,2,,2,2,2,2,2,1,2,0,2,0,1,1,1,2,2,28944,4,4,2,0,0,0,2
12B196,16,40086,4,1,0,2,15,221,2,39,2,3,7,1,1,1,2,2,2,2,2,4,,2,2,1,2,2,2,,2,0,2,1,1,,0,0,,0,0,0,0,0,0,0,0,0,,0,0,0,0,0,,0,0,,0,0,0,0,0,0,0,0,0,0,,0,0,0,0,0,,180,2,0,,1,4,2,0,,2,2,2,2,2,1,2,0,1,1,1,2,1,2,2,37217,1,1,1,2,0,0,1
12B196,16,40086,3,1,0,1,15,221,2,73,2,5,7,1,1,2,2,2,2,2,0,0,,0,0,0,0,0,0,,0,0,0,0,0,,0,0,,0,0,0,0,0,0,0,0,0,,0,0,0,0,0,,0,0,,0,0,0,0,0,0,0,0,0,0,,0,0,0,0,0,,0,0,0,,0,0,0,5,,2,2,2,2,2,1,1,1,1,1,1,2,1,1,2,22125,2,4,2,0,0,0,2
12B196,16,40086,2,1,0,1,15,221,2,26,3,1,7,1,1,2,2,2,2,2,0,0,,0,0,0,0,0,0,,0,0,0,0,0,,0,0,,0,0,0,0,0,0,0,0,0,,0,0,0,0,0,,0,0,,0,0,0,0,0,0,0,0,0,0,,0,0,0,0,0,,0,0,0,,0,0,0,3,,2,2,2,2,2,2,2,0,2,0,1,1,1,1,1,18078,2,4,2,0,0,0,2
12B196,16,40086,1,1,0,1,15,221,1,28,2,6,1,1,2,2,2,2,2,2,0,0,,0,0,0,0,0,0,,0,0,0,0,0,,0,0,,0,0,0,0,0,0,0,0,0,,0,0,0,0,0,,0,0,,0,0,0,0,0,0,0,0,0,0,,0,0,0,0,0,,0,0,0,,0,0,0,3,,2,2,2,2,2,2,2,0,2,0,1,2,2,2,2,21495,4,4,2,0,0,0,2
11B187,16,40118,4,1,0,1,15,221,2,39,7,5,1,1,1,1,1,2,2,1,2,1,,2,1,2,2,2,2,,3,1200,2,1,1,,2,4,,2,2,2,2,2,2,2,1,2,,3,100,2,1,1,,0,0,,0,0,0,0,0,0,0,0,0,0,,0,0,0,2,4,,30,2,0,,4,4,2,0,,2,2,2,2,1,1,1,1,1,2,1,1,1,1,1,23925,1,2,1,2,2,0,1
11B187,16,40118,2,1,0,1,15,221,1,61,7,4,1,1,1,1,2,2,2,1,4,1,,2,1,2,2,2,2,,2,0,2,1,1,,0,0,,0,0,0,0,0,0,0,0,0,,0,0,0,0,0,,0,0,,0,0,0,0,0,0,0,0,0,0,,0,0,0,1,1,,90,2,0,,3,3,1,0,,2,2,2,2,1,1,2,0,1,2,1,1,1,1,1,17920,1,2,1,2,0,0,1
11B187,16,40118,3,1,0,3,15,221,2,22,7,1,6,1,1,1,2,2,2,1,4,2,,2,1,2,2,2,2,,3,2000,2,1,1,,0,0,,0,0,0,0,0,0,0,0,0,,0,0,0,0,0,,0,0,,0,0,0,0,0,0,0,0,0,0,,0,0,0,1,3,,60,2,0,,3,3,1,0,,2,2,2,1,1,1,1,2,1,3,1,1,1,1,2,24803,1,2,1,2,0,0,1
13B196,16,40121,4,1,0,1,15,221,1,25,3,3,1,1,2,2,2,2,2,2,0,0,,0,0,0,0,0,0,,0,0,0,0,0,,0,0,,0,0,0,0,0,0,0,0,0,,0,0,0,0,0,,0,0,,0,0,0,0,0,0,0,0,0,0,,0,0,0,0,0,,0,0,0,,0,0,0,2,,2,2,2,2,2,2,2,0,2,0,1,1,1,1,1,17221,4,4,2,0,0,0,2
13B196,16,40121,2,1,0,1,15,221,2,61,6,3,8,1,1,1,2,1,2,2,3,4,,2,2,1,2,1,2,,1,0,1,2,1,,0,0,,0,0,0,0,0,0,0,0,0,,0,0,0,0,0,,2,3,,2,2,1,1,2,1,0,1,2,1,,0,0,0,0,0,,90,2,0,,3,3,2,0,,2,2,2,2,2,2,1,1,2,0,1,1,1,1,1,22559,1,2,1,1,0,1,1
13B196,16,40121,1,1,0,2,15,221,2,24,7,4,1,1,1,1,2,2,2,2,1,4,,2,1,2,2,2,2,,3,100,2,1,1,,0,0,,0,0,0,0,0,0,0,0,0,,0,0,0,0,0,,0,0,,0,0,0,0,0,0,0,0,0,0,,0,0,0,0,0,,15,2,0,,2,3,1,0,,1,2,2,1,2,1,2,0,1,5,1,1,1,1,1,20606,1,1,1,2,0,0,1
12A192,16,40124,2,1,0,1,15,221,1,71,7,5,8,1,1,1,1,1,2,2,2,4,,2,2,2,2,1,2,,2,0,2,1,1,,5,4,,2,1,2,2,2,2,2,2,2,,3,300,2,1,1,,3,4,,1,2,2,2,1,3,50,2,1,1,,0,0,0,0,0,,120,2,0,,2,3,1,0,,1,1,2,2,1,1,2,0,1,2,1,2,2,1,2,23053,1,2,1,2,2,2,1
13B194,16,40244,1,1,0,1,15,221,1,28,7,9,1,1,2,1,2,2,2,1,1,3,,2,2,2,2,1,2,,1,0,1,2,1,,0,0,,0,0,0,0,0,0,0,0,0,,0,0,0,0,0,,0,0,,0,0,0,0,0,0,0,0,0,0,,0,0,0,2,3,,40,1,5,,1,2,2,0,,2,2,2,2,1,1,1,2,1,2,1,1,1,1,1,6339,3,2,1,1,0,0,1
13B194,16,40244,2,1,0,2,15,221,1,43,9,4,1,1,1,1,1,2,2,1,16,3,,2,2,2,1,1,2,,3,1800,2,1,1,,4,1,,2,2,2,2,2,2,1,2,2,,1,0,1,2,2,,0,0,,0,0,0,0,0,0,0,0,0,0,,0,0,0,2,1,,480,2,0,,4,4,1,0,,1,1,1,1,1,1,1,2,1,5,1,1,2,1,1,18248,1,2,1,2,1,0,1
13B188,16,40278,4,1,0,1,15,221,1,73,3,3,1,1,2,2,2,2,2,2,0,0,,0,0,0,0,0,0,,0,0,0,0,0,,0,0,,0,0,0,0,0,0,0,0,0,,0,0,0,0,0,,0,0,,0,0,0,0,0,0,0,0,0,0,,0,0,0,0,0,,0,0,0,,0,0,0,1,,2,2,2,2,1,1,2,0,2,0,1,2,2,2,2,25707,4,4,2,0,0,0,2
13B188,16,40278,1,1,0,2,15,221,2,45,3,2,7,1,2,2,2,2,2,2,0,0,,0,0,0,0,0,0,,0,0,0,0,0,,0,0,,0,0,0,0,0,0,0,0,0,,0,0,0,0,0,,0,0,,0,0,0,0,0,0,0,0,0,0,,0,0,0,0,0,,0,0,0,,0,0,0,1,,2,2,2,2,2,2,2,0,2,0,1,2,2,2,2,6271,4,4,2,0,0,0,2
13B188,16,40278,3,1,0,2,15,221,2,44,7,4,1,1,1,1,2,2,2,1,3,4,,2,2,2,1,2,2,,1,0,1,2,1,,0,0,,0,0,0,0,0,0,0,0,0,,0,0,0,0,0,,0,0,,0,0,0,0,0,0,0,0,0,0,,0,0,0,1,1,,30,2,0,,4,4,1,0,,2,2,2,2,1,1,1,2,1,2,1,2,1,1,2,13416,1,2,1,1,0,0,1
13B188,16,40278,2,1,0,2,15,221,2,32,7,4,1,1,1,1,1,2,2,1,5,4,,2,2,1,1,2,2,,2,0,2,1,1,,2,4,,2,1,2,2,2,2,2,2,2,,3,120,2,1,1,,0,0,,0,0,0,0,0,0,0,0,0,0,,0,0,0,1,1,,60,2,0,,3,4,2,0,,2,2,2,2,2,1,1,2,1,4,1,2,2,2,2,6517,1,2,1,2,2,0,1
12B188,16,40283,4,1,0,2,15,221,2,27,7,4,1,1,1,1,2,2,2,1,7,4,,2,2,2,1,2,2,,3,1500,2,1,1,,0,0,,0,0,0,0,0,0,0,0,0,,0,0,0,0,0,,0,0,,0,0,0,0,0,0,0,0,0,0,,0,0,0,2,3,,30,2,0,,4,4,1,0,,1,1,2,1,1,1,1,2,1,5,1,1,1,1,1,19780,1,2,1,2,0,0,1
12B188,16,40283,3,1,0,1,15,221,1,35,7,4,1,1,1,1,2,2,2,1,3,4,,2,2,2,1,1,2,,3,620,2,1,1,,0,0,,0,0,0,0,0,0,0,0,0,,0,0,0,0,0,,0,0,,0,0,0,0,0,0,0,0,0,0,,0,0,0,2,3,,30,2,0,,2,3,1,0,,1,2,2,1,1,1,2,0,1,5,1,2,2,1,1,15044,1,2,1,2,0,0,1
12B188,16,40283,1,1,0,2,15,221,2,71,7,5,8,1,1,1,2,2,2,2,1,5,,2,2,1,2,2,2,,2,0,2,1,1,,0,0,,0,0,0,0,0,0,0,0,0,,0,0,0,0,0,,0,0,,0,0,0,0,0,0,0,0,0,0,,0,0,0,0,0,,40,2,0,,2,2,1,0,,2,2,2,2,2,1,1,2,1,4,1,1,1,2,2,24208,1,1,1,2,0,0,1
12B195,16,40338,4,1,0,1,15,221,1,26,4,1,1,1,1,1,2,2,2,2,1,5,,2,2,1,2,2,2,,2,0,2,1,1,,0,0,,0,0,0,0,0,0,0,0,0,,0,0,0,0,0,,0,0,,0,0,0,0,0,0,0,0,0,0,,0,0,0,0,0,,30,2,0,,3,3,1,0,,2,2,2,2,2,1,2,0,2,0,1,1,1,1,1,15230,1,1,1,2,0,0,1
12B195,16,40338,2,1,0,2,15,221,2,48,2,6,7,1,2,2,2,2,2,2,0,0,,0,0,0,0,0,0,,0,0,0,0,0,,0,0,,0,0,0,0,0,0,0,0,0,,0,0,0,0,0,,0,0,,0,0,0,0,0,0,0,0,0,0,,0,0,0,0,0,,0,0,0,,0,0,0,3,,2,2,2,2,2,2,2,0,2,0,1,2,2,2,2,36975,4,4,2,0,0,0,2
12B195,16,40338,3,1,0,2,15,221,1,53,2,6,1,1,2,2,2,2,2,2,0,0,,0,0,0,0,0,0,,0,0,0,0,0,,0,0,,0,0,0,0,0,0,0,0,0,,0,0,0,0,0,,0,0,,0,0,0,0,0,0,0,0,0,0,,0,0,0,0,0,,0,0,0,,0,0,0,3,,2,2,2,2,2,2,2,0,2,0,1,2,2,2,2,45819,4,4,2,0,0,0,2
12B195,16,40338,1,1,0,1,15,221,1,26,2,5,1,1,2,2,2,2,2,2,0,0,,0,0,0,0,0,0,,0,0,0,0,0,,0,0,,0,0,0,0,0,0,0,0,0,,0,0,0,0,0,,0,0,,0,0,0,0,0,0,0,0,0,0,,0,0,0,0,0,,0,0,0,,0,0,0,2,,2,2,2,2,2,2,2,0,2,0,1,2,2,2,2,15230,4,4,2,0,0,0,2
12A191,16,40377,4,1,0,3,15,221,2,54,6,3,1,1,2,2,2,2,2,2,0,0,,0,0,0,0,0,0,,0,0,0,0,0,,0,0,,0,0,0,0,0,0,0,0,0,,0,0,0,0,0,,0,0,,0,0,0,0,0,0,0,0,0,0,,0,0,0,0,0,,0,0,0,,0,0,0,2,,2,2,2,2,2,2,2,0,2,0,1,2,2,2,2,21614,4,4,2,0,0,0,2
12A191,16,40377,2,1,0,1,15,221,1,85,0, ,9,1,2,2,2,2,2,2,0,0,,0,0,0,0,0,0,,0,0,0,0,0,,0,0,,0,0,0,0,0,0,0,0,0,,0,0,0,0,0,,0,0,,0,0,0,0,0,0,0,0,0,0,,0,0,0,0,0,,0,0,0,,0,0,0,1,,2,2,2,2,3,3,3,0,2,0,2,0,0,0,0,9845,4,4,2,0,0,0,2
12A191,16,40377,1,1,0,1,15,221,2,93,0, ,7,1,2,2,2,2,2,2,0,0,,0,0,0,0,0,0,,0,0,0,0,0,,0,0,,0,0,0,0,0,0,0,0,0,,0,0,0,0,0,,0,0,,0,0,0,0,0,0,0,0,0,0,,0,0,0,0,0,,0,0,0,,0,0,0,5,,2,2,2,2,3,3,3,0,2,0,2,0,0,0,0,9164,4,4,2,0,0,0,2
11A192,17,40033,2,1,0,1,29,221,1,59,2,6,7,1,1,1,1,1,1,2,1,4,,2,2,1,2,2,2,,3,1200,2,1,1,,1,4,,2,2,2,2,1,2,2,2,2,,2,0,2,1,2,,1,3,,1,2,2,2,1,2,0,2,1,2,,5,2,1,0,0,,60,2,0,,2,2,2,0,,2,2,2,2,1,1,1,1,1,1,1,1,1,1,1,35017,1,2,1,2,2,2,1
11A192,17,40033,1,1,0,1,29,221,2,46,3,3,1,1,1,1,2,2,2,2,1,5,,2,2,1,2,2,2,,2,0,2,1,1,,0,0,,0,0,0,0,0,0,0,0,0,,0,0,0,0,0,,0,0,,0,0,0,0,0,0,0,0,0,0,,0,0,0,0,0,,30,2,0,,1,2,1,0,,2,2,2,2,2,2,2,0,2,0,1,2,1,2,2,16388,1,1,1,2,0,0,1
13B196,17,40056,4,1,0,1,29,221,2,37,7,3,1,1,1,1,1,2,2,1,3,4,,2,2,2,2,1,2,,1,0,1,2,1,,10,4,,2,2,2,1,2,2,1,2,2,,2,0,2,1,1,,0,0,,0,0,0,0,0,0,0,0,0,0,,0,0,0,3,4,,20,1,6,,1,3,1,0,,2,2,2,2,2,2,2,0,1,1,1,2,1,2,2,21269,1,2,1,1,2,0,1
13B196,17,40056,1,1,0,1,29,221,1,51,4,3,1,1,2,2,2,2,2,2,0,0,,0,0,0,0,0,0,,0,0,0,0,0,,0,0,,0,0,0,0,0,0,0,0,0,,0,0,0,0,0,,0,0,,0,0,0,0,0,0,0,0,0,0,,0,0,0,0,0,,0,0,0,,0,0,0,3,,2,2,2,2,2,2,2,0,1,1,1,2,2,2,2,16425,4,4,2,0,0,0,2
11B196,17,40087,3,1,0,2,29,221,2,30,3,3,1,1,1,2,2,2,1,2,0,0,,0,0,0,0,0,0,,0,0,0,0,0,,0,0,,0,0,0,0,0,0,0,0,0,,0,0,0,0,0,,0,0,,0,0,0,0,0,0,0,0,0,0,,2,1,2,0,0,,15,1,7,TAREA CON SUS HIJOS,2,3,1,0,,2,2,2,2,2,2,2,0,2,0,1,1,1,1,1,11231,1,3,1,0,0,0,2
11B196,17,40087,1,1,0,3,29,221,1,26,7,5,1,1,1,1,2,2,2,1,5,2,,2,1,2,2,1,2,,3,800,2,1,1,,0,0,,0,0,0,0,0,0,0,0,0,,0,0,0,0,0,,0,0,,0,0,0,0,0,0,0,0,0,0,,0,0,0,2,3,,30,2,0,,3,3,1,0,,2,1,2,1,2,2,2,0,2,0,1,1,1,1,1,20031,1,2,1,2,0,0,1
11B196,17,40087,2,1,0,1,29,221,1,55,3,1,1,1,1,2,2,2,2,2,0,0,,0,0,0,0,0,0,,0,0,0,0,0,,0,0,,0,0,0,0,0,0,0,0,0,,0,0,0,0,0,,0,0,,0,0,0,0,0,0,0,0,0,0,,0,0,0,0,0,,0,0,0,,0,0,0,1,,2,2,2,2,2,2,2,0,2,0,1,1,3,2,2,5772,2,4,2,0,0,0,2
13A192,17,40130,2,1,0,2,29,221,2,63,0, ,1,1,1,1,2,2,2,2,1,5,,2,2,1,2,2,2,,2,0,2,1,1,,0,0,,0,0,0,0,0,0,0,0,0,,0,0,0,0,0,,0,0,,0,0,0,0,0,0,0,0,0,0,,0,0,0,0,0,,30,2,0,,1,1,2,0,,2,2,2,2,2,2,2,0,2,0,1,2,1,1,2,20849,1,1,1,2,0,0,1
13A192,17,40130,1,1,0,1,29,221,2,67,2,1,7,1,2,1,2,2,2,2,1,5,,2,2,1,2,2,2,,2,0,2,1,1,,0,0,,0,0,0,0,0,0,0,0,0,,0,0,0,0,0,,0,0,,0,0,0,0,0,0,0,0,0,0,,0,0,0,0,0,,30,2,0,,2,2,2,0,,2,2,2,2,2,2,2,0,2,0,1,2,1,2,2,24573,3,1,1,2,0,0,1
12B193,17,40147,4,1,0,2,29,221,2,35,7,1,1,1,1,1,2,2,2,1,3,2,,2,2,2,2,1,2,,2,0,2,1,1,,0,0,,0,0,0,0,0,0,0,0,0,,0,0,0,0,0,,0,0,,0,0,0,0,0,0,0,0,0,0,,0,0,0,2,4,,15,2,0,,2,3,1,0,,2,2,2,1,2,2,2,0,1,1,1,2,2,1,1,16732,1,2,1,2,0,0,1
12B193,17,40147,3,1,0,1,29,221,2,70,5,3,8,1,1,1,2,2,2,1,3,4,,2,2,2,1,2,2,,2,0,2,1,1,,0,0,,0,0,0,0,0,0,0,0,0,,0,0,0,0,0,,0,0,,0,0,0,0,0,0,0,0,0,0,,0,0,0,3,5,,120,2,0,,2,3,1,0,,2,1,2,2,2,2,2,0,2,0,1,1,1,2,2,29843,1,2,1,2,0,0,1
12B193,17,40147,2,1,0,2,29,221,2,37,4,3,7,1,1,1,1,1,2,1,8,3,,2,2,2,2,1,2,,1,0,1,2,1,,2,3,,2,1,2,2,2,2,2,2,2,,1,0,1,2,1,,4,3,,1,2,2,1,1,1,0,1,2,1,,0,0,0,2,3,,80,1,5,,2,4,1,0,,1,1,2,2,1,1,1,2,1,4,1,1,1,1,1,16732,1,2,1,1,1,1,1
12B187,17,40156,2,1,0,4,29,221,2,81,2,2,7,1,1,1,2,2,2,2,1,4,,2,1,2,2,2,2,,2,0,2,1,1,,0,0,,0,0,0,0,0,0,0,0,0,,0,0,0,0,0,,0,0,,0,0,0,0,0,0,0,0,0,0,,0,0,0,0,0,,30,2,0,,1,1,2,0,,2,2,2,2,2,2,2,0,2,0,1,2,1,1,2,19160,1,1,1,2,0,0,1
12B187,17,40156,4,1,0,1,29,221,1,79,8,1,8,1,1,1,2,1,2,1,10,3,,2,2,2,1,1,2,,1,0,1,2,1,,0,0,,0,0,0,0,0,0,0,0,0,,0,0,0,0,0,,12,3,,1,1,1,2,2,1,0,1,2,1,,0,0,0,2,3,,60,2,0,,1,4,1,0,,1,2,2,1,2,1,2,0,1,1,1,2,1,2,2,5147,1,2,1,1,0,1,1
12B187,17,40156,3,1,0,1,29,221,1,68,3,1,1,1,1,1,2,1,2,2,1,5,,2,2,1,2,2,2,,3,200,2,1,1,,0,0,,0,0,0,0,0,0,0,0,0,,0,0,0,0,0,,5,3,,1,1,2,2,2,3,100,2,1,1,,0,0,0,0,0,,30,2,0,,1,1,2,0,,2,2,2,2,2,2,2,0,2,0,1,1,1,1,2,10292,1,2,1,2,0,2,1
12B194,17,40213,1,1,0,5,29,221,2,23,7,2,6,1,1,1,2,2,2,1,4,2,,2,1,2,1,1,2,,2,0,1,1,1,,0,0,,0,0,0,0,0,0,0,0,0,,0,0,0,0,0,,0,0,,0,0,0,0,0,0,0,0,0,0,,0,0,0,2,2,,45,1,5,,2,3,1,0,,2,2,2,2,1,1,1,2,1,1,1,1,1,1,1,62907,1,2,1,3,0,0,1
12B194,17,40213,4,1,0,1,29,221,1,43,3,3,1,1,2,2,2,2,2,2,0,0,,0,0,0,0,0,0,,0,0,0,0,0,,0,0,,0,0,0,0,0,0,0,0,0,,0,0,0,0,0,,0,0,,0,0,0,0,0,0,0,0,0,0,,0,0,0,0,0,,0,0,0,,0,0,0,3,,2,2,2,2,2,2,2,0,2,0,1,2,1,2,2,50444,4,4,2,0,0,0,2
12B194,17,40213,3,1,0,1,29,221,1,42,7,5,1,1,1,2,2,2,2,1,0,0,,0,0,0,0,0,0,,0,0,0,0,0,,0,0,,0,0,0,0,0,0,0,0,0,,0,0,0,0,0,,0,0,,0,0,0,0,0,0,0,0,0,0,,0,0,0,3,3,,25,2,0,,2,2,1,0,,2,2,2,2,1,1,2,0,1,1,1,2,1,2,1,20177,1,3,1,0,0,0,2
11B194,17,40243,2,1,0,1,29,221,1,67,6,3,1,1,2,2,2,2,2,2,0,0,,0,0,0,0,0,0,,0,0,0,0,0,,0,0,,0,0,0,0,0,0,0,0,0,,0,0,0,0,0,,0,0,,0,0,0,0,0,0,0,0,0,0,,0,0,0,0,0,,0,0,0,,0,0,0,5,,2,2,2,2,2,2,2,0,2,0,1,1,1,3,2,5646,4,4,2,0,0,0,2
11B194,17,40243,4,1,0,1,29,221,2,35,3,3,3,1,1,2,1,2,2,2,0,0,,0,0,0,0,0,0,,0,0,0,0,0,,3,4,,2,2,1,2,2,2,2,2,2,,2,0,2,1,1,,0,0,,0,0,0,0,0,0,0,0,0,0,,0,0,0,0,0,,30,2,0,,2,3,2,0,,1,2,2,2,1,2,2,0,1,2,1,1,2,2,2,4420,1,3,1,0,2,0,1
11B194,17,40243,3,1,0,3,29,221,1,21,3,3,3,1,2,2,2,2,2,2,0,0,,0,0,0,0,0,0,,0,0,0,0,0,,0,0,,0,0,0,0,0,0,0,0,0,,0,0,0,0,0,,0,0,,0,0,0,0,0,0,0,0,0,0,,0,0,0,0,0,,0,0,0,,0,0,0,1,,2,2,2,2,1,1,1,2,1,2,1,1,1,1,2,21129,4,4,2,0,0,0,2
11B188,17,40279,2,1,0,2,29,221,2,65,0, ,7,2,0,0,0,0,0,0,0,0,,0,0,0,0,0,0,,0,0,0,0,0,,0,0,,0,0,0,0,0,0,0,0,0,,0,0,0,0,0,,0,0,,0,0,0,0,0,0,0,0,0,0,,0,0,0,0,0,,0,0,0,,0,0,0,0,,0,0,0,0,0,0,0,0,0,0,0,0,0,0,0,23107,0,0,0,0,0,0,0
11B188,17,40279,3,1,0,3,29,221,2,22,7,3,1,1,1,1,2,1,2,1,1,4,,2,2,2,1,2,2,,3,100,2,1,1,,0,0,,0,0,0,0,0,0,0,0,0,,0,0,0,0,0,,1,3,,1,2,1,2,1,1,0,1,2,1,,0,0,0,2,4,,20,2,0,,3,3,1,0,,2,2,2,2,1,2,1,2,1,1,1,2,1,1,2,20147,1,2,1,2,0,1,1
11B188,17,40279,4,1,0,1,29,221,2,58,6,3,7,1,1,1,2,2,2,1,3,5,,2,2,1,2,2,2,,2,0,2,1,1,,0,0,,0,0,0,0,0,0,0,0,0,,0,0,0,0,0,,0,0,,0,0,0,0,0,0,0,0,0,0,,0,0,0,1,3,,60,2,0,,4,3,1,0,,2,2,2,2,2,1,1,1,1,1,1,1,1,1,1,4902,1,2,1,2,0,0,1
11B188,17,40279,1,1,0,3,29,221,1,34,7,4,4,1,1,1,2,2,2,1,12,1,,2,1,2,2,2,2,,3,1000,2,1,1,,0,0,,0,0,0,0,0,0,0,0,0,,0,0,0,0,0,,0,0,,0,0,0,0,0,0,0,0,0,0,,0,0,0,3,4,,30,2,0,,2,3,1,0,,2,1,2,2,1,1,1,1,1,3,1,1,2,1,2,16837,1,2,1,2,0,0,1
12B188,17,40283,1,1,0,2,29,221,2,41,0, ,7,2,0,0,0,0,0,0,0,0,,0,0,0,0,0,0,,0,0,0,0,0,,0,0,,0,0,0,0,0,0,0,0,0,,0,0,0,0,0,,0,0,,0,0,0,0,0,0,0,0,0,0,,0,0,0,0,0,,0,0,0,,0,0,0,0,,0,0,0,0,0,0,0,0,0,0,0,0,0,0,0,19577,0,0,0,0,0,0,0
12B188,17,40283,2,1,0,1,29,221,2,41,3,1,1,1,1,1,2,2,2,2,6,6,POR TAREAS DE SUS HIJOS,2,1,2,2,2,2,,2,0,2,1,1,,0,0,,0,0,0,0,0,0,0,0,0,,0,0,0,0,0,,0,0,,0,0,0,0,0,0,0,0,0,0,,0,0,0,0,0,,20,2,0,,2,1,1,0,,2,2,2,2,2,1,1,2,2,0,1,1,1,1,1,48944,1,1,1,2,0,0,1
12B188,17,40283,4,1,0,1,29,221,1,30,6,3,1,1,1,1,1,2,2,1,2,5,,2,2,1,2,2,2,,1,0,1,2,1,,3,5,,2,2,2,2,1,2,2,2,2,,2,0,1,1,1,,0,0,,0,0,0,0,0,0,0,0,0,0,,0,0,0,2,5,,15,2,0,,2,3,1,0,,2,2,1,2,2,2,2,0,2,0,1,1,1,1,1,22615,1,2,1,1,3,0,1
12B188,17,40283,3,1,0,2,29,221,2,31,3,3,7,1,1,1,2,2,2,1,4,3,,2,2,1,2,2,2,,2,0,2,1,1,,0,0,,0,0,0,0,0,0,0,0,0,,0,0,0,0,0,,0,0,,0,0,0,0,0,0,0,0,0,0,,0,0,0,5,3,,30,2,0,,3,4,2,0,,2,2,2,2,2,2,2,0,2,0,1,2,2,2,2,19019,1,2,1,2,0,0,1
12B195,17,40307,1,1,0,1,29,221,2,33,3,3,7,1,1,2,2,2,2,2,0,0,,0,0,0,0,0,0,,0,0,0,0,0,,0,0,,0,0,0,0,0,0,0,0,0,,0,0,0,0,0,,0,0,,0,0,0,0,0,0,0,0,0,0,,0,0,0,0,0,,0,0,0,,0,0,0,3,,2,2,2,2,2,1,2,0,1,1,1,1,1,1,1,12832,2,4,2,0,0,0,2
12B195,17,40307,2,1,0,1,29,221,1,26,3,3,3,1,1,1,2,2,1,1,1,4,,2,2,1,2,2,2,,1,0,1,2,1,,0,0,,0,0,0,0,0,0,0,0,0,,0,0,0,0,0,,0,0,,0,0,0,0,0,0,0,0,0,0,,5,1,2,5,3,,45,1,6,,3,3,1,0,,2,2,2,2,1,1,1,2,1,1,1,1,1,1,1,15258,1,2,1,1,0,0,1
12B195,17,40307,4,1,0,1,29,221,1,29,2,3,1,1,1,2,2,1,2,1,0,0,,0,0,0,0,0,0,,0,0,0,0,0,,0,0,,0,0,0,0,0,0,0,0,0,,0,0,0,0,0,,3,4,,1,1,2,2,1,2,0,2,1,1,,0,0,0,1,4,,15,2,0,,1,2,2,0,,2,2,2,2,1,2,2,0,2,0,1,1,1,2,2,15258,1,3,1,0,0,2,1
12A191,17,40312,4,1,0,3,29,221,2,37,7,4,1,1,1,1,1,2,2,1,3,3,,2,2,2,2,1,2,,3,600,2,1,1,,1,3,,2,1,2,2,2,2,2,2,2,,2,0,2,1,1,,0,0,,0,0,0,0,0,0,0,0,0,0,,0,0,0,5,4,,60,2,0,,2,4,1,0,,1,2,2,2,1,1,1,1,1,2,1,1,1,1,1,10976,1,2,1,2,2,0,1
12A191,17,40312,3,1,0,1,29,221,2,71,7,5,8,1,1,1,2,2,2,1,1,3,,2,2,2,2,1,2,,3,300,2,1,1,,0,0,,0,0,0,0,0,0,0,0,0,,0,0,0,0,0,,0,0,,0,0,0,0,0,0,0,0,0,0,,0,0,0,1,3,,45,2,0,,2,4,1,0,,2,2,2,1,1,1,2,0,1,3,1,1,1,1,1,19575,1,2,1,2,0,0,1
12A191,17,40312,2,1,0,2,29,221,2,32,4,3,1,1,2,2,1,2,2,1,0,0,,0,0,0,0,0,0,,0,0,0,0,0,,2,4,,2,2,1,2,2,2,2,1,2,,2,0,2,1,1,,0,0,,0,0,0,0,0,0,0,0,0,0,,0,0,0,5,3,,10,1,7,CUIDAR A SUS BEBES,2,2,2,0,,2,2,2,2,2,1,2,0,1,1,1,1,1,1,1,10663,3,3,1,0,2,0,1
12A191,17,40312,1,1,0,1,29,221,1,28,7,2,1,1,1,1,2,2,2,1,6,4,,2,2,2,1,2,2,,3,60,2,1,4,,0,0,,0,0,0,0,0,0,0,0,0,,0,0,0,0,0,,0,0,,0,0,0,0,0,0,0,0,0,0,,0,0,0,5,4,,30,1,7,TRANSPORTARSE,2,3,1,0,,2,2,2,2,1,1,2,0,1,3,1,2,1,2,1,19017,1,2,1,2,0,0,1
13A191,17,40348,4,1,0,2,29,221,1,35,4,3,4,1,1,1,1,2,1,1,1,4,,2,2,2,1,2,2,,2,0,2,1,1,,1,4,,1,2,2,2,2,2,2,2,2,,3,20,2,1,1,,0,0,,0,0,0,0,0,0,0,0,0,0,,3,2,1,5,4,,60,1,3,,2,1,2,0,,2,2,2,2,2,1,1,2,1,1,1,1,2,1,2,34390,1,2,1,2,2,0,1
13A191,17,40348,3,1,0,5,29,221,2,84,2,6,8,1,1,1,1,1,2,1,4,4,,2,2,2,2,1,2,,2,0,2,1,1,,6,4,,2,2,2,2,2,2,2,1,2,,3,120,2,1,1,,7,3,,1,2,1,1,1,3,10,2,1,1,,0,0,0,5,4,,60,2,0,,2,2,2,0,,2,2,2,2,2,1,1,3,1,1,1,1,1,1,2,46115,1,2,1,2,2,2,1
13A191,17,40348,1,1,0,1,29,221,1,75,3,2,8,1,1,1,1,1,2,2,3,4,,1,2,2,2,1,2,,2,0,2,1,1,,5,4,,2,2,1,2,2,2,1,2,2,,2,0,2,1,1,,1,4,,1,1,1,2,2,2,0,2,1,1,,0,0,0,0,0,,30,2,0,,1,3,2,0,,2,2,2,2,3,1,1,1,1,3,1,3,1,1,3,9909,1,2,1,2,2,2,1
13B195,17,40402,4,1,0,1,29,221,1,36,7,5,1,1,1,2,2,2,2,1,0,0,,0,0,0,0,0,0,,0,0,0,0,0,,0,0,,0,0,0,0,0,0,0,0,0,,0,0,0,0,0,,0,0,,0,0,0,0,0,0,0,0,0,0,,0,0,0,2,3,,15,2,0,,2,3,2,0,,2,2,2,2,1,1,1,2,1,2,1,1,1,1,2,9085,1,3,1,0,0,0,2
13B195,17,40402,2,1,0,1,29,221,2,30,8,2,1,1,1,1,2,2,2,1,3,1,,2,1,2,2,2,2,,1,0,1,2,1,,0,0,,0,0,0,0,0,0,0,0,0,,0,0,0,0,0,,0,0,,0,0,0,0,0,0,0,0,0,0,,0,0,0,5,1,,30,1,5,,2,3,1,0,,1,2,2,2,1,2,2,0,1,1,1,2,2,1,1,3981,1,2,1,1,0,0,1
13B195,17,40402,3,1,0,2,29,221,2,35,7,4,7,1,1,1,1,2,1,2,2,4,,2,2,2,1,2,2,,3,180,2,1,1,,1,3,,2,1,2,2,2,2,2,2,2,,2,0,2,1,1,,0,0,,0,0,0,0,0,0,0,0,0,0,,5,2,1,0,0,,30,2,0,,2,4,1,0,,2,2,2,2,2,2,2,0,1,1,1,2,2,2,2,8196,1,2,1,2,2,0,1
12B196,18,40054,4,1,0,1,27,221,1,56,4,3,1,1,2,1,2,2,2,2,2,3,,2,2,2,1,2,2,,2,0,2,1,1,,0,0,,0,0,0,0,0,0,0,0,0,,0,0,0,0,0,,0,0,,0,0,0,0,0,0,0,0,0,0,,0,0,0,0,0,,60,2,0,,2,3,2,0,,2,2,2,2,2,2,2,0,1,1,1,2,3,2,2,10092,3,1,1,2,0,0,1
12B196,18,40054,1,1,0,2,27,221,2,36,3,3,1,1,2,2,2,2,2,2,0,0,,0,0,0,0,0,0,,0,0,0,0,0,,0,0,,0,0,0,0,0,0,0,0,0,,0,0,0,0,0,,0,0,,0,0,0,0,0,0,0,0,0,0,,0,0,0,0,0,,0,0,0,,0,0,0,3,,2,2,2,2,2,2,2,0,1,1,2,0,0,0,0,20209,4,4,2,0,0,0,2
12B196,18,40054,3,1,0,1,27,221,2,40,2,6,1,1,2,2,2,2,2,2,0,0,,0,0,0,0,0,0,,0,0,0,0,0,,0,0,,0,0,0,0,0,0,0,0,0,,0,0,0,0,0,,0,0,,0,0,0,0,0,0,0,0,0,0,,0,0,0,0,0,,0,0,0,,0,0,0,3,,2,2,2,2,2,2,2,0,2,0,1,1,1,1,1,10105,4,4,2,0,0,0,2
12B196,18,40054,2,1,0,1,27,221,2,36,3,3,1,1,2,2,2,2,2,2,0,0,,0,0,0,0,0,0,,0,0,0,0,0,,0,0,,0,0,0,0,0,0,0,0,0,,0,0,0,0,0,,0,0,,0,0,0,0,0,0,0,0,0,0,,0,0,0,0,0,,0,0,0,,0,0,0,2,,2,2,2,2,2,1,2,0,2,0,1,2,1,1,1,20209,4,4,2,0,0,0,2
11B193,18,40080,2,1,0,1,27,221,2,64,7,5,1,1,2,2,2,2,2,2,0,0,,0,0,0,0,0,0,,0,0,0,0,0,,0,0,,0,0,0,0,0,0,0,0,0,,0,0,0,0,0,,0,0,,0,0,0,0,0,0,0,0,0,0,,0,0,0,0,0,,0,0,0,,0,0,0,1,,2,2,2,2,2,2,2,0,2,0,1,2,1,2,2,6120,4,4,2,0,0,0,2
11B193,18,40080,3,1,0,2,27,221,1,22,4,3,1,1,1,2,1,2,1,2,0,0,,0,0,0,0,0,0,,0,0,0,0,0,,2,4,,1,2,2,2,2,2,2,2,2,,2,0,2,1,1,,0,0,,0,0,0,0,0,0,0,0,0,0,,5,2,1,0,0,,20,2,0,,2,3,2,0,,2,2,2,2,2,1,1,2,1,1,1,1,1,1,2,14500,1,3,1,0,2,0,1
11B193,18,40080,4,1,0,2,27,221,2,32,7,4,1,1,1,2,2,2,2,1,0,0,,0,0,0,0,0,0,,0,0,0,0,0,,0,0,,0,0,0,0,0,0,0,0,0,,0,0,0,0,0,,0,0,,0,0,0,0,0,0,0,0,0,0,,0,0,0,1,3,,30,2,0,,2,4,2,0,,2,2,2,2,2,1,1,1,1,1,1,2,1,2,2,11787,1,3,1,0,0,0,2
11B193,18,40080,1,1,0,1,27,221,1,20,7,1,6,1,1,1,2,2,2,2,1,3,,2,2,2,1,2,2,,3,200,2,1,1,,0,0,,0,0,0,0,0,0,0,0,0,,0,0,0,0,0,,0,0,,0,0,0,0,0,0,0,0,0,0,,0,0,0,0,0,,30,2,0,,3,3,1,0,,2,2,2,2,2,1,1,2,1,1,1,2,1,2,2,7250,1,1,1,2,0,0,1
11B196,18,40090,1,1,0,1,27,221,2,76,2,3,7,1,1,2,2,2,2,2,0,0,,0,0,0,0,0,0,,0,0,0,0,0,,0,0,,0,0,0,0,0,0,0,0,0,,0,0,0,0,0,,0,0,,0,0,0,0,0,0,0,0,0,0,,0,0,0,0,0,,0,0,0,,0,0,0,1,,2,2,2,2,2,2,2,0,2,0,1,2,2,2,2,7290,2,4,2,0,0,0,2
11B196,18,40090,4,1,0,1,27,221,1,45,3,3,1,1,1,1,2,1,2,1,4,5,,1,2,1,1,2,2,,2,0,1,1,1,,0,0,,0,0,0,0,0,0,0,0,0,,0,0,0,0,0,,2,4,,1,1,2,2,1,2,0,2,1,2,,0,0,0,5,4,,30,2,0,,3,3,2,0,,2,2,2,2,2,2,2,0,2,0,1,2,2,1,1,21306,1,2,1,3,0,2,1
11B196,18,40090,3,1,0,5,27,221,1,34,7,4,1,1,1,1,2,2,2,2,3,4,,2,2,2,1,2,2,,2,0,2,1,2,,0,0,,0,0,0,0,0,0,0,0,0,,0,0,0,0,0,,0,0,,0,0,0,0,0,0,0,0,0,0,,0,0,0,0,0,,90,1,5,,3,3,1,0,,1,1,2,1,2,2,2,0,2,0,1,2,2,2,2,35411,1,1,1,2,0,0,1
11B196,18,40090,2,1,0,1,27,221,2,52,4,3,1,1,1,2,1,2,2,1,0,0,,0,0,0,0,0,0,,0,0,0,0,0,,1,4,,2,2,2,1,2,2,2,2,2,,1,0,1,2,1,,0,0,,0,0,0,0,0,0,0,0,0,0,,0,0,0,5,4,,20,2,0,,2,3,2,0,,2,2,2,2,1,1,1,2,2,0,1,2,2,1,2,5731,1,3,1,0,1,0,1
12A192,18,40096,4,1,0,1,27,221,2,38,8,2,1,1,1,2,1,1,2,1,0,0,,0,0,0,0,0,0,,0,0,0,0,0,,7,2,,2,1,2,2,2,1,1,2,2,,1,0,1,2,1,,1,3,,1,2,1,1,2,1,0,1,2,1,,0,0,0,2,2,,120,2,0,,3,3,1,0,,2,2,2,2,1,1,2,0,1,4,1,1,1,2,2,10107,1,3,1,0,1,1,1
12A192,18,40096,3,1,0,2,27,221,2,26,7,5,1,1,1,1,2,2,2,1,2,4,,2,2,2,1,2,2,,2,0,2,1,1,,0,0,,0,0,0,0,0,0,0,0,0,,0,0,0,0,0,,0,0,,0,0,0,0,0,0,0,0,0,0,,0,0,0,5,4,,30,2,0,,2,3,2,0,,1,2,2,1,2,1,1,2,1,2,1,1,1,1,1,39274,1,2,1,2,0,0,1
12A192,18,40096,1,1,0,2,27,221,2,80,6,2,1,1,1,1,1,1,2,2,2,6,CONOCER MÁS LA VIDA DE ELBA ESTHER GORDILLO,2,2,2,1,2,2,,3,800,2,1,1,,9,4,,2,2,1,2,2,2,2,1,2,,3,250,2,1,1,,6,4,,1,2,2,2,1,3,60,2,1,2,,0,0,0,0,0,,45,2,0,,2,4,2,0,,2,2,2,2,2,1,2,0,1,1,1,1,1,1,1,24033,1,2,1,2,2,2,1
12A192,18,40096,2,1,0,1,27,221,1,56,5,4,8,1,2,2,2,2,2,2,0,0,,0,0,0,0,0,0,,0,0,0,0,0,,0,0,,0,0,0,0,0,0,0,0,0,,0,0,0,0,0,,0,0,,0,0,0,0,0,0,0,0,0,0,,0,0,0,0,0,,0,0,0,,0,0,0,1,,2,2,2,2,2,2,2,0,2,0,1,2,2,2,2,30279,4,4,2,0,0,0,2
11A192,18,40123,2,1,0,1,27,221,1,29,3,2,1,1,2,2,2,2,2,2,0,0,,0,0,0,0,0,0,,0,0,0,0,0,,0,0,,0,0,0,0,0,0,0,0,0,,0,0,0,0,0,,0,0,,0,0,0,0,0,0,0,0,0,0,,0,0,0,0,0,,0,0,0,,0,0,0,2,,2,2,2,2,2,2,1,1,2,0,1,2,2,2,2,23996,4,4,2,0,0,0,2
11A192,18,40123,1,1,0,2,27,221,2,47,4,3,7,1,1,1,2,2,2,1,1,4,,2,2,2,2,1,2,,3,200,2,1,1,,0,0,,0,0,0,0,0,0,0,0,0,,0,0,0,0,0,,0,0,,0,0,0,0,0,0,0,0,0,0,,0,0,0,2,4,,30,1,5,,2,3,2,0,,1,2,2,2,2,2,2,0,2,0,1,1,1,1,2,19419,1,2,1,2,0,0,1
11A192,18,40123,4,1,0,2,27,221,2,31,7,1,1,1,1,2,1,2,2,1,0,0,,0,0,0,0,0,0,,0,0,0,0,0,,12,2,,2,2,1,1,2,1,2,2,2,,1,0,1,2,1,,0,0,,0,0,0,0,0,0,0,0,0,0,,0,0,0,1,2,,120,2,0,,4,3,1,0,,2,2,2,2,2,2,2,0,2,0,1,2,2,2,2,13453,1,3,1,0,1,0,1
11A192,18,40123,3,1,0,1,27,221,1,73,3,3,3,1,2,2,2,2,2,2,0,0,,0,0,0,0,0,0,,0,0,0,0,0,,0,0,,0,0,0,0,0,0,0,0,0,,0,0,0,0,0,,0,0,,0,0,0,0,0,0,0,0,0,0,,0,0,0,0,0,,0,0,0,,0,0,0,1,,2,2,2,2,2,2,2,0,2,0,1,2,1,2,2,35381,4,4,2,0,0,0,2
11B187,18,40155,4,1,0,1,27,221,1,56,6,3,1,1,1,1,2,2,2,1,4,3,,2,2,1,2,2,2,,3,900,2,1,4,,0,0,,0,0,0,0,0,0,0,0,0,,0,0,0,0,0,,0,0,,0,0,0,0,0,0,0,0,0,0,,0,0,0,1,3,,30,2,0,,3,2,1,0,,1,2,2,2,1,2,2,0,2,0,1,2,1,1,2,17244,1,2,1,2,0,0,1
11B187,18,40155,2,1,0,1,27,221,1,56,0, ,1,2,0,0,0,0,0,0,0,0,,0,0,0,0,0,0,,0,0,0,0,0,,0,0,,0,0,0,0,0,0,0,0,0,,0,0,0,0,0,,0,0,,0,0,0,0,0,0,0,0,0,0,,0,0,0,0,0,,0,0,0,,0,0,0,0,,0,0,0,0,0,0,0,0,0,0,0,0,0,0,0,11496,0,0,0,0,0,0,0
11B187,18,40155,1,1,1,1,27,221,2,30,2,6,1,1,2,2,2,2,2,2,0,0,,0,0,0,0,0,0,,0,0,0,0,0,,0,0,,0,0,0,0,0,0,0,0,0,,0,0,0,0,0,,0,0,,0,0,0,0,0,0,0,0,0,0,,0,0,0,0,0,,0,0,0,,0,0,0,3,,2,2,2,2,2,1,1,1,1,1,1,2,1,1,2,5591,4,4,2,0,0,0,2
11B187,18,40155,3,1,0,1,27,221,1,80,2,5,7,1,2,2,2,2,2,2,0,0,,0,0,0,0,0,0,,0,0,0,0,0,,0,0,,0,0,0,0,0,0,0,0,0,,0,0,0,0,0,,0,0,,0,0,0,0,0,0,0,0,0,0,,0,0,0,0,0,,0,0,0,,0,0,0,5,,2,2,2,2,2,1,1,1,2,0,1,1,1,1,2,7352,4,4,2,0,0,0,2
11B194,18,40272,1,1,0,1,27,221,2,64,2,6,1,1,1,1,2,2,2,2,1,5,,2,2,1,2,2,2,,2,0,2,1,1,,0,0,,0,0,0,0,0,0,0,0,0,,0,0,0,0,0,,0,0,,0,0,0,0,0,0,0,0,0,0,,0,0,0,0,0,,20,2,0,,1,2,2,0,,2,2,2,2,2,2,2,0,2,0,1,1,2,1,2,18699,1,1,1,2,0,0,1
11B194,18,40272,3,1,0,1,27,221,1,36,3,3,1,1,1,2,1,2,2,1,0,0,,0,0,0,0,0,0,,0,0,0,0,0,,2,3,,2,2,2,1,2,2,2,2,2,,2,0,2,1,2,,0,0,,0,0,0,0,0,0,0,0,0,0,,0,0,0,5,3,,30,2,0,,2,2,2,0,,2,2,2,2,2,2,2,0,2,0,1,1,1,1,1,13696,1,3,1,0,2,0,1
11B194,18,40272,2,1,0,1,27,221,1,35,4,1,1,1,2,2,2,2,2,2,0,0,,0,0,0,0,0,0,,0,0,0,0,0,,0,0,,0,0,0,0,0,0,0,0,0,,0,0,0,0,0,,0,0,,0,0,0,0,0,0,0,0,0,0,,0,0,0,0,0,,0,0,0,,0,0,0,2,,2,2,2,2,1,2,1,2,1,1,1,1,1,1,1,13696,4,4,2,0,0,0,2
11B194,18,40272,4,1,0,2,27,221,2,56,3,3,7,1,2,2,2,2,2,2,0,0,,0,0,0,0,0,0,,0,0,0,0,0,,0,0,,0,0,0,0,0,0,0,0,0,,0,0,0,0,0,,0,0,,0,0,0,0,0,0,0,0,0,0,,0,0,0,0,0,,0,0,0,,0,0,0,5,,2,2,2,2,2,2,2,0,2,0,1,2,1,3,2,12466,4,4,2,0,0,0,2
12B194,18,40277,1,1,0,2,27,221,2,56,6,3,7,1,1,1,2,2,2,2,1,5,,2,2,1,2,2,2,,3,600,2,1,1,,0,0,,0,0,0,0,0,0,0,0,0,,0,0,0,0,0,,0,0,,0,0,0,0,0,0,0,0,0,0,,0,0,0,0,0,,15,2,0,,3,2,1,0,,2,2,2,2,1,2,2,0,2,0,1,3,1,1,1,21193,1,1,1,2,0,0,1
12B194,18,40277,2,1,0,2,27,221,2,35,3,3,7,1,1,1,2,2,2,1,1,5,,2,2,1,2,2,2,,3,850,2,1,1,,0,0,,0,0,0,0,0,0,0,0,0,,0,0,0,0,0,,0,0,,0,0,0,0,0,0,0,0,0,0,,0,0,0,5,3,,60,2,0,,2,3,1,0,,2,2,2,2,2,2,2,0,2,0,1,1,1,1,1,14006,1,2,1,2,0,0,1
12B194,18,40277,3,1,0,2,27,221,2,57,3,3,1,1,2,2,2,2,2,2,0,0,,0,0,0,0,0,0,,0,0,0,0,0,,0,0,,0,0,0,0,0,0,0,0,0,,0,0,0,0,0,,0,0,,0,0,0,0,0,0,0,0,0,0,,0,0,0,0,0,,0,0,0,,0,0,0,3,,2,2,2,2,2,2,2,0,2,0,1,1,1,1,2,14129,4,4,2,0,0,0,2
12B194,18,40277,4,1,0,1,27,221,2,49,3,3,7,1,1,2,2,2,2,1,0,0,,0,0,0,0,0,0,,0,0,0,0,0,,0,0,,0,0,0,0,0,0,0,0,0,,0,0,0,0,0,,0,0,,0,0,0,0,0,0,0,0,0,0,,0,0,0,2,4,,20,1,2,,2,2,2,0,,2,2,2,2,1,1,1,2,1,1,1,2,1,1,1,13093,1,3,1,0,0,0,2
11B188,18,40280,1,1,0,2,27,221,1,25,4,2,1,1,2,2,2,2,2,2,0,0,,0,0,0,0,0,0,,0,0,0,0,0,,0,0,,0,0,0,0,0,0,0,0,0,,0,0,0,0,0,,0,0,,0,0,0,0,0,0,0,0,0,0,,0,0,0,0,0,,0,0,0,,0,0,0,3,,2,2,2,2,2,2,2,0,2,0,1,2,2,1,2,12681,4,4,2,0,0,0,2
11B188,18,40280,4,1,0,2,27,221,2,35,4,3,7,1,1,2,2,1,2,1,0,0,,0,0,0,0,0,0,,0,0,0,0,0,,0,0,,0,0,0,0,0,0,0,0,0,,0,0,0,0,0,,2,4,,2,2,1,1,2,3,22,2,1,1,,0,0,0,3,4,,30,2,0,,3,3,2,0,,2,2,2,2,2,1,2,0,1,1,1,1,1,1,1,32935,1,3,1,0,0,2,1
11B188,18,40280,3,1,0,2,27,221,2,41,3,3,1,1,2,2,2,2,2,2,0,0,,0,0,0,0,0,0,,0,0,0,0,0,,0,0,,0,0,0,0,0,0,0,0,0,,0,0,0,0,0,,0,0,,0,0,0,0,0,0,0,0,0,0,,0,0,0,0,0,,0,0,0,,0,0,0,1,,2,2,2,2,1,2,2,0,2,0,1,2,1,2,2,21957,4,4,2,0,0,0,2
11B188,18,40280,2,1,0,2,27,221,1,31,4,3,1,1,1,2,1,1,2,2,0,0,,0,0,0,0,0,0,,0,0,0,0,0,,3,3,,2,1,2,2,2,2,2,2,2,,1,0,1,2,1,,3,3,,1,1,2,2,1,1,0,1,2,1,,0,0,0,0,0,,60,2,0,,3,4,1,0,,2,2,2,2,1,1,1,2,1,5,1,1,1,1,1,25363,1,3,1,0,1,1,1
12B188,18,40281,1,1,0,1,27,221,1,23,7,3,4,1,1,1,2,2,2,1,6,2,,2,1,2,2,2,2,,2,0,2,1,3,,0,0,,0,0,0,0,0,0,0,0,0,,0,0,0,0,0,,0,0,,0,0,0,0,0,0,0,0,0,0,,0,0,0,2,4,,30,1,5,,1,2,1,0,,2,1,2,2,1,1,1,2,1,1,1,1,2,2,2,17845,1,2,1,2,0,0,1
12B188,18,40281,2,1,0,1,27,221,1,49,4,3,1,1,1,2,1,2,2,1,0,0,,0,0,0,0,0,0,,0,0,0,0,0,,1,4,,2,2,2,2,2,2,2,1,2,,1,0,1,2,1,,0,0,,0,0,0,0,0,0,0,0,0,0,,0,0,0,2,4,,30,2,0,,3,1,1,0,,2,2,2,2,1,1,1,2,2,0,1,1,1,1,1,17297,1,3,1,0,1,0,1
12B188,18,40281,4,1,0,1,27,221,1,21,4,3,1,1,1,1,2,2,2,1,2,4,,2,1,1,2,2,2,,3,400,2,1,1,,0,0,,0,0,0,0,0,0,0,0,0,,0,0,0,0,0,,0,0,,0,0,0,0,0,0,0,0,0,0,,0,0,0,2,2,,15,2,0,,3,3,1,0,,1,2,2,2,2,2,2,0,2,0,1,1,1,1,1,17845,1,2,1,2,0,0,1
12A191,18,40314,1,1,0,1,27,221,2,50,2,6,5,1,1,1,2,2,2,2,1,5,,2,2,1,2,2,2,,3,850,2,1,1,,0,0,,0,0,0,0,0,0,0,0,0,,0,0,0,0,0,,0,0,,0,0,0,0,0,0,0,0,0,0,,0,0,0,0,0,,60,2,0,,2,2,1,0,,2,1,2,2,2,1,1,2,1,1,1,1,1,1,1,6993,1,1,1,2,0,0,1
12A191,18,40314,2,1,0,2,27,221,2,74,2,1,7,2,0,0,0,0,0,0,0,0,,0,0,0,0,0,0,,0,0,0,0,0,,0,0,,0,0,0,0,0,0,0,0,0,,0,0,0,0,0,,0,0,,0,0,0,0,0,0,0,0,0,0,,0,0,0,0,0,,0,0,0,,0,0,0,0,,0,0,0,0,0,0,0,0,0,0,0,0,0,0,0,17790,0,0,0,0,0,0,0
12A191,18,40314,3,1,0,1,27,221,1,64,2,6,4,1,2,2,2,2,2,2,0,0,,0,0,0,0,0,0,,0,0,0,0,0,,0,0,,0,0,0,0,0,0,0,0,0,,0,0,0,0,0,,0,0,,0,0,0,0,0,0,0,0,0,0,,0,0,0,0,0,,0,0,0,,0,0,0,2,,2,2,2,2,2,2,2,0,2,0,1,2,2,3,2,14942,4,4,2,0,0,0,2
12A191,18,40314,4,1,0,1,27,221,1,49,3,3,5,1,1,1,2,2,2,2,1,3,,2,2,2,1,2,2,,3,400,2,1,1,,0,0,,0,0,0,0,0,0,0,0,0,,0,0,0,0,0,,0,0,,0,0,0,0,0,0,0,0,0,0,,0,0,0,0,0,,30,2,0,,2,3,1,0,,1,2,2,1,2,1,2,0,1,1,1,2,1,1,1,34663,1,1,1,2,0,0,1
12B195,18,40403,4,1,0,1,27,221,1,60,7,5,8,1,2,2,2,2,2,2,0,0,,0,0,0,0,0,0,,0,0,0,0,0,,0,0,,0,0,0,0,0,0,0,0,0,,0,0,0,0,0,,0,0,,0,0,0,0,0,0,0,0,0,0,,0,0,0,0,0,,0,0,0,,0,0,0,1,,2,2,2,2,2,2,2,0,2,0,1,2,1,2,2,6504,4,4,2,0,0,0,2
12B195,18,40403,1,1,0,1,27,221,1,62,7,5,8,1,1,1,2,1,2,2,2,4,,2,2,2,1,1,2,,1,0,1,2,1,,0,0,,0,0,0,0,0,0,0,0,0,,0,0,0,0,0,,5,3,,1,2,1,2,2,3,65,2,1,1,,0,0,0,0,0,,45,2,0,,4,3,2,0,,2,2,2,2,1,1,1,2,1,5,1,1,1,1,1,13008,1,2,1,1,0,2,1
12B195,18,40403,3,1,0,1,27,221,1,36,7,5,1,1,1,1,2,2,2,1,1,4,,2,2,2,1,2,2,,3,150,2,1,1,,0,0,,0,0,0,0,0,0,0,0,0,,0,0,0,0,0,,0,0,,0,0,0,0,0,0,0,0,0,0,,0,0,0,1,1,,30,1,5,,2,3,1,0,,1,1,2,1,1,1,1,1,1,3,1,1,1,1,2,14436,1,2,1,2,0,0,1
12B195,18,40403,2,1,0,1,27,221,1,29,7,5,1,1,1,1,2,2,2,1,8,4,,2,2,2,1,2,2,,3,5000,2,1,1,,0,0,,0,0,0,0,0,0,0,0,0,,0,0,0,0,0,,0,0,,0,0,0,0,0,0,0,0,0,0,,0,0,0,3,6,ACTUALIZACIÓN,60,2,0,,3,3,1,0,,2,2,1,2,1,2,2,0,1,5,1,1,1,1,1,7523,1,2,1,2,0,0,1
12B194,19,22251,1,1,0,2,3,221,1,39,3,3,1,1,1,1,2,1,1,1,3,4,,2,2,2,1,1,2,,3,1300,2,1,1,,0,0,,0,0,0,0,0,0,0,0,0,,0,0,0,0,0,,2,3,,1,1,2,2,1,2,0,2,1,2,,3,2,1,5,4,,30,2,0,,2,2,1,0,,1,1,2,2,1,1,1,1,1,1,1,1,1,1,1,35552,1,2,1,2,0,2,1
12B194,19,22251,3,1,0,1,3,221,1,58,3,3,1,1,2,2,2,2,2,2,0,0,,0,0,0,0,0,0,,0,0,0,0,0,,0,0,,0,0,0,0,0,0,0,0,0,,0,0,0,0,0,,0,0,,0,0,0,0,0,0,0,0,0,0,,0,0,0,0,0,,0,0,0,,0,0,0,2,,2,2,2,2,2,2,2,0,2,0,1,2,1,1,2,32034,4,4,2,0,0,0,2
12B194,19,22251,4,1,0,2,3,221,2,63,2,6,7,1,1,1,2,2,2,2,1,5,,2,2,1,2,2,2,,2,0,2,1,1,,0,0,,0,0,0,0,0,0,0,0,0,,0,0,0,0,0,,0,0,,0,0,0,0,0,0,0,0,0,0,,0,0,0,0,0,,40,2,0,,1,1,2,0,,2,2,2,2,2,1,2,0,2,0,1,2,1,3,2,16180,1,1,1,2,0,0,1
12B194,19,22251,2,1,0,2,3,221,1,41,6,3,1,1,1,2,2,1,2,1,0,0,,0,0,0,0,0,0,,0,0,0,0,0,,0,0,,0,0,0,0,0,0,0,0,0,,0,0,0,0,0,,1,3,,1,1,1,1,1,2,0,2,1,1,,0,0,0,1,3,,30,2,0,,2,2,2,0,,2,2,2,2,2,1,1,2,1,1,1,1,1,1,1,17776,1,3,1,0,0,2,1
12B193,19,40022,2,1,0,1,3,221,1,55,7,3,1,1,1,2,2,2,2,1,0,0,,0,0,0,0,0,0,,0,0,0,0,0,,0,0,,0,0,0,0,0,0,0,0,0,,0,0,0,0,0,,0,0,,0,0,0,0,0,0,0,0,0,0,,0,0,0,5,4,,20,2,0,,4,4,2,0,,2,2,2,2,2,2,2,0,2,0,1,1,1,1,1,15961,1,3,1,0,0,0,2
12B193,19,40022,4,1,0,4,3,221,2,21,6,3,1,1,1,2,1,2,2,1,0,0,,0,0,0,0,0,0,,0,0,0,0,0,,2,4,,2,2,2,1,2,2,2,1,2,,2,0,2,1,2,,0,0,,0,0,0,0,0,0,0,0,0,0,,0,0,0,2,4,,10,1,2,,2,2,2,0,,2,2,2,2,2,1,2,0,1,1,1,2,1,1,2,44184,1,3,1,0,2,0,1
12B193,19,40022,1,1,0,5,3,221,2,26,4,3,1,1,1,1,1,2,2,1,1,4,,2,2,2,1,2,2,,2,0,1,2,1,,2,4,,2,2,2,1,2,2,2,1,2,,3,100,2,1,1,,0,0,,0,0,0,0,0,0,0,0,0,0,,0,0,0,5,4,,20,2,0,,4,4,2,0,,2,2,2,2,2,2,2,0,1,1,1,2,1,1,1,38817,1,2,1,1,2,0,1
12B193,19,40022,3,1,0,2,3,221,2,51,2,6,1,1,1,2,2,2,2,1,0,0,,0,0,0,0,0,0,,0,0,0,0,0,,0,0,,0,0,0,0,0,0,0,0,0,,0,0,0,0,0,,0,0,,0,0,0,0,0,0,0,0,0,0,,0,0,0,5,4,,20,2,0,,2,3,2,0,,2,2,2,2,2,2,2,0,2,0,1,1,1,1,1,29882,1,3,1,0,0,0,2
12B196,19,40031,4,1,0,1,3,221,1,47,7,4,1,1,1,2,2,2,2,1,0,0,,0,0,0,0,0,0,,0,0,0,0,0,,0,0,,0,0,0,0,0,0,0,0,0,,0,0,0,0,0,,0,0,,0,0,0,0,0,0,0,0,0,0,,0,0,0,5,4,,30,2,0,,2,3,2,0,,2,2,2,2,2,2,2,0,1,1,1,1,1,1,1,24410,1,3,1,0,0,0,2
12B196,19,40031,2,1,0,2,3,221,2,31,7,5,1,1,1,2,1,2,2,1,0,0,,0,0,0,0,0,0,,0,0,0,0,0,,3,4,,2,1,2,1,2,2,2,1,2,,3,150,2,1,1,,0,0,,0,0,0,0,0,0,0,0,0,0,,0,0,0,5,4,,30,2,0,,4,4,2,0,,2,2,2,2,2,1,2,0,1,1,1,2,1,1,1,13647,1,3,1,0,2,0,1
12B196,19,40031,1,1,0,1,3,221,1,30,8,3,1,1,1,2,2,1,2,2,0,0,,0,0,0,0,0,0,,0,0,0,0,0,,0,0,,0,0,0,0,0,0,0,0,0,,0,0,0,0,0,,1,4,,1,1,2,2,1,2,0,2,1,1,,0,0,0,0,0,,15,2,0,,2,4,2,0,,2,2,2,2,2,2,2,0,2,0,1,2,2,1,1,16227,1,3,1,0,0,2,1
11B196,19,40036,2,1,0,1,3,221,2,71,2,6,7,1,2,2,2,2,2,2,0,0,,0,0,0,0,0,0,,0,0,0,0,0,,0,0,,0,0,0,0,0,0,0,0,0,,0,0,0,0,0,,0,0,,0,0,0,0,0,0,0,0,0,0,,0,0,0,0,0,,0,0,0,,0,0,0,5,,2,2,2,2,2,2,2,0,2,0,1,2,1,1,2,5687,4,4,2,0,0,0,2
11B196,19,40036,1,1,0,2,3,221,2,71,2,6,7,1,1,2,2,2,2,2,0,0,,0,0,0,0,0,0,,0,0,0,0,0,,0,0,,0,0,0,0,0,0,0,0,0,,0,0,0,0,0,,0,0,,0,0,0,0,0,0,0,0,0,0,,0,0,0,0,0,,0,0,0,,0,0,0,1,,2,2,2,2,2,2,2,0,2,0,1,1,1,1,1,28434,2,4,2,0,0,0,2
11B196,19,40036,3,1,0,4,3,221,1,28,2,6,1,1,2,2,2,1,2,2,0,0,,0,0,0,0,0,0,,0,0,0,0,0,,0,0,,0,0,0,0,0,0,0,0,0,,0,0,0,0,0,,14,3,,2,1,2,2,1,3,160,2,1,2,,0,0,0,0,0,,5,2,0,,2,2,1,0,,2,2,2,2,2,2,2,0,2,0,1,2,1,1,1,22099,3,3,1,0,0,2,1
11B196,19,40036,4,1,0,2,3,221,2,54,3,3,7,1,1,2,2,2,2,2,0,0,,0,0,0,0,0,0,,0,0,0,0,0,,0,0,,0,0,0,0,0,0,0,0,0,,0,0,0,0,0,,0,0,,0,0,0,0,0,0,0,0,0,0,,0,0,0,0,0,,0,0,0,,0,0,0,2,,2,2,2,2,2,2,2,0,2,0,1,2,1,1,1,8942,2,4,2,0,0,0,2
11A192,19,40038,1,1,0,1,3,221,1,58,0, ,1,1,2,2,1,2,2,2,0,0,,0,0,0,0,0,0,,0,0,0,0,0,,2,5,,2,2,2,2,1,2,2,2,2,,2,0,2,1,1,,0,0,,0,0,0,0,0,0,0,0,0,0,,0,0,0,0,0,,30,2,0,,2,2,2,0,,2,2,2,2,2,2,2,0,2,0,2,0,0,0,0,19173,3,3,1,0,2,0,1
11A192,19,40038,2,1,0,1,3,221,2,50,2,6,7,1,2,2,2,2,2,2,0,0,,0,0,0,0,0,0,,0,0,0,0,0,,0,0,,0,0,0,0,0,0,0,0,0,,0,0,0,0,0,,0,0,,0,0,0,0,0,0,0,0,0,0,,0,0,0,0,0,,0,0,0,,0,0,0,5,,2,2,2,2,2,2,2,0,2,0,1,3,1,1,1,11964,4,4,2,0,0,0,2
12A192,19,40047,2,1,0,3,3,221,2,20,6,2,4,1,1,1,2,2,2,1,1,3,,2,2,2,2,1,2,,2,0,2,1,1,,0,0,,0,0,0,0,0,0,0,0,0,,0,0,0,0,0,,0,0,,0,0,0,0,0,0,0,0,0,0,,0,0,0,2,4,,45,1,3,,3,3,1,0,,1,2,2,1,2,1,2,0,1,1,1,1,3,1,1,32223,1,2,1,2,0,0,1
12A192,19,40047,1,1,0,2,3,221,2,31,4,2,1,1,1,1,2,2,2,2,7,1,,2,1,2,1,2,2,,2,0,2,1,1,,0,0,,0,0,0,0,0,0,0,0,0,,0,0,0,0,0,,0,0,,0,0,0,0,0,0,0,0,0,0,,0,0,0,0,0,,40,1,5,,3,2,1,0,,2,2,2,2,1,2,2,0,1,1,1,1,1,2,2,22648,1,1,1,2,0,0,1
12B193,19,40072,1,1,0,1,3,221,1,58,5,4,8,1,1,1,2,1,2,1,4,3,,2,1,2,2,2,2,,3,7500,2,1,1,,0,0,,0,0,0,0,0,0,0,0,0,,0,0,0,0,0,,2,3,,1,1,1,2,2,2,0,2,1,1,,0,0,0,2,3,,90,2,0,,2,3,1,0,,2,1,2,2,1,1,2,0,1,5,1,2,1,1,1,19396,1,2,1,2,0,2,1
12B193,19,40072,3,1,0,1,3,221,2,33,7,4,1,1,1,1,2,2,2,2,2,4,,2,2,1,2,2,2,,3,800,2,1,1,,0,0,,0,0,0,0,0,0,0,0,0,,0,0,0,0,0,,0,0,,0,0,0,0,0,0,0,0,0,0,,0,0,0,0,0,,30,2,0,,2,3,2,0,,2,2,2,2,1,1,1,1,1,1,1,1,1,1,3,6289,1,1,1,2,0,0,1
12B193,19,40072,2,1,0,1,3,221,1,68,7,5,8,1,1,1,1,1,1,1,3,4,,2,2,1,2,2,2,,3,400,2,1,1,,6,4,,1,2,2,1,2,2,2,2,2,,2,0,2,1,1,,3,3,,1,1,1,2,1,3,60,2,1,1,,5,2,1,2,4,,20,1,3,,2,4,2,0,,2,2,2,2,2,1,1,1,1,1,1,2,2,2,2,8269,1,2,1,2,2,2,1
12A192,19,40091,4,1,0,3,3,221,1,33,7,5,1,1,1,2,2,2,2,1,0,0,,0,0,0,0,0,0,,0,0,0,0,0,,0,0,,0,0,0,0,0,0,0,0,0,,0,0,0,0,0,,0,0,,0,0,0,0,0,0,0,0,0,0,,0,0,0,1,3,,30,2,0,,2,3,2,0,,2,2,2,2,3,1,1,2,1,3,1,1,2,1,1,25263,1,3,1,0,0,0,2
12A192,19,40091,1,1,0,2,3,221,2,42,8,2,1,1,2,1,2,2,2,1,1,4,,2,2,2,2,1,2,,1,0,1,2,1,,0,0,,0,0,0,0,0,0,0,0,0,,0,0,0,0,0,,0,0,,0,0,0,0,0,0,0,0,0,0,,0,0,0,4,3,,10,2,0,,2,2,2,0,,2,2,2,2,2,1,3,0,1,3,1,2,2,1,2,14580,3,2,1,1,0,0,1
12A192,19,40091,3,1,0,1,3,221,1,45,7,5,1,1,1,1,2,2,2,1,17,4,,2,2,1,1,2,2,,3,2700,2,1,1,,0,0,,0,0,0,0,0,0,0,0,0,,0,0,0,0,0,,0,0,,0,0,0,0,0,0,0,0,0,0,,0,0,0,1,3,,90,2,0,,3,3,1,0,,2,1,2,1,1,1,1,2,1,5,1,1,1,1,1,16890,1,2,1,2,0,0,1
12B193,19,40114,1,1,0,1,3,221,2,70,2,6,7,1,2,2,2,2,2,2,0,0,,0,0,0,0,0,0,,0,0,0,0,0,,0,0,,0,0,0,0,0,0,0,0,0,,0,0,0,0,0,,0,0,,0,0,0,0,0,0,0,0,0,0,,0,0,0,0,0,,0,0,0,,0,0,0,5,,2,2,2,2,2,2,2,0,2,0,1,2,3,2,2,8720,4,4,2,0,0,0,2
12B193,19,40114,4,1,0,1,3,221,2,74,2,6,7,1,2,2,2,2,2,2,0,0,,0,0,0,0,0,0,,0,0,0,0,0,,0,0,,0,0,0,0,0,0,0,0,0,,0,0,0,0,0,,0,0,,0,0,0,0,0,0,0,0,0,0,,0,0,0,0,0,,0,0,0,,0,0,0,5,,2,2,2,2,2,2,2,0,2,0,1,2,2,2,2,8720,4,4,2,0,0,0,2
11B193,19,40118,1,1,0,3,3,221,1,24,2,6,1,1,2,2,2,2,2,2,0,0,,0,0,0,0,0,0,,0,0,0,0,0,,0,0,,0,0,0,0,0,0,0,0,0,,0,0,0,0,0,,0,0,,0,0,0,0,0,0,0,0,0,0,,0,0,0,0,0,,0,0,0,,0,0,0,1,,2,2,2,2,2,2,1,1,2,0,1,2,1,2,1,29656,4,4,2,0,0,0,2
11B193,19,40118,4,1,0,2,3,221,2,52,3,3,7,1,1,2,1,2,2,1,0,0,,0,0,0,0,0,0,,0,0,0,0,0,,4,5,,2,2,2,2,1,2,2,2,2,,1,0,1,1,1,,0,0,,0,0,0,0,0,0,0,0,0,0,,0,0,0,5,4,,30,2,0,,3,2,2,0,,2,2,2,2,2,1,2,0,2,0,1,2,2,1,1,23198,1,3,1,0,3,0,1
11B193,19,40118,2,1,0,1,3,221,1,67,6,2,8,1,1,1,1,2,2,2,1,4,,2,2,2,2,1,2,,2,0,2,1,1,,10,5,,2,2,2,2,1,2,1,2,2,,2,0,2,1,1,,0,0,,0,0,0,0,0,0,0,0,0,0,,0,0,0,0,0,,30,2,0,,3,2,1,0,,2,2,2,2,2,2,2,0,2,0,1,1,1,1,3,21132,1,2,1,2,2,0,1
12B193,19,40120,3,1,0,1,3,221,1,58,6,2,1,1,2,2,2,2,2,1,0,0,,0,0,0,0,0,0,,0,0,0,0,0,,0,0,,0,0,0,0,0,0,0,0,0,,0,0,0,0,0,,0,0,,0,0,0,0,0,0,0,0,0,0,,0,0,0,5,4,,15,2,0,,1,1,2,0,,2,2,2,2,2,2,2,0,2,0,1,3,3,3,3,24689,3,3,1,0,0,0,2
12B193,19,40120,2,1,0,1,3,221,1,73,7,5,8,1,1,2,2,1,2,2,0,0,,0,0,0,0,0,0,,0,0,0,0,0,,0,0,,0,0,0,0,0,0,0,0,0,,0,0,0,0,0,,2,4,,1,1,2,2,1,3,30,2,1,1,,0,0,0,0,0,,60,2,0,,2,4,2,0,,2,2,2,2,2,1,1,2,1,1,1,2,1,1,1,10526,1,3,1,0,0,2,1
12B193,19,40120,4,1,0,1,3,221,1,81,7,4,8,1,1,1,1,1,2,1,3,4,,2,2,2,2,1,2,,3,300,2,1,1,,3,4,,2,1,2,2,2,2,1,2,2,,3,200,2,1,1,,7,4,,1,1,1,1,1,3,150,2,1,1,,0,0,0,5,4,,60,2,0,,2,4,1,0,,2,2,2,2,1,2,2,0,1,1,1,2,1,1,1,31580,1,2,1,2,2,2,1
12B193,19,40120,1,1,0,2,3,221,2,62,7,5,1,1,1,2,1,2,2,1,0,0,,0,0,0,0,0,0,,0,0,0,0,0,,2,4,,2,2,2,1,2,2,2,1,2,,3,120,2,1,1,,0,0,,0,0,0,0,0,0,0,0,0,0,,0,0,0,5,4,,30,2,0,,2,4,2,0,,1,2,2,2,1,1,1,2,1,1,1,1,1,1,1,24940,1,3,1,0,2,0,1
11B193,19,40121,2,1,0,1,3,221,2,41,3,3,1,1,2,2,2,2,2,2,0,0,,0,0,0,0,0,0,,0,0,0,0,0,,0,0,,0,0,0,0,0,0,0,0,0,,0,0,0,0,0,,0,0,,0,0,0,0,0,0,0,0,0,0,,0,0,0,0,0,,0,0,0,,0,0,0,3,,2,2,2,2,2,2,2,0,2,0,1,2,2,2,2,6917,4,4,2,0,0,0,2
11B193,19,40121,1,1,0,1,3,221,1,43,3,3,1,1,2,2,2,2,2,2,0,0,,0,0,0,0,0,0,,0,0,0,0,0,,0,0,,0,0,0,0,0,0,0,0,0,,0,0,0,0,0,,0,0,,0,0,0,0,0,0,0,0,0,0,,0,0,0,0,0,,0,0,0,,0,0,0,3,,2,2,2,2,2,2,2,0,2,0,1,2,2,2,2,22999,4,4,2,0,0,0,2
11B193,19,40121,4,1,0,3,3,221,2,35,3,3,1,1,1,1,2,1,2,1,2,4,,2,2,1,2,2,2,,3,380,2,1,1,,0,0,,0,0,0,0,0,0,0,0,0,,0,0,0,0,0,,2,1,,1,2,2,2,2,3,20,2,1,4,,0,0,0,2,1,,60,2,0,,2,1,2,0,,1,1,1,1,2,2,2,0,2,0,1,1,1,1,1,20750,1,2,1,2,0,2,1
11B193,19,40121,3,1,0,2,3,221,2,48,2,6,7,1,2,2,2,2,2,2,0,0,,0,0,0,0,0,0,,0,0,0,0,0,,0,0,,0,0,0,0,0,0,0,0,0,,0,0,0,0,0,,0,0,,0,0,0,0,0,0,0,0,0,0,,0,0,0,0,0,,0,0,0,,0,0,0,3,,2,2,2,2,2,1,1,1,2,0,1,1,1,1,2,64660,4,4,2,0,0,0,2
12B196,19,40123,4,1,0,1,3,221,1,70,2,2,8,1,2,2,2,2,2,2,0,0,,0,0,0,0,0,0,,0,0,0,0,0,,0,0,,0,0,0,0,0,0,0,0,0,,0,0,0,0,0,,0,0,,0,0,0,0,0,0,0,0,0,0,,0,0,0,0,0,,0,0,0,,0,0,0,5,,2,2,2,2,1,1,2,0,1,1,1,1,1,2,1,9086,4,4,2,0,0,0,2
12B196,19,40123,1,1,0,1,3,221,2,70,2,5,7,1,2,2,2,2,2,2,0,0,,0,0,0,0,0,0,,0,0,0,0,0,,0,0,,0,0,0,0,0,0,0,0,0,,0,0,0,0,0,,0,0,,0,0,0,0,0,0,0,0,0,0,,0,0,0,0,0,,0,0,0,,0,0,0,5,,2,2,2,2,3,3,3,0,3,0,1,2,2,2,2,16914,4,4,2,0,0,0,2
12B196,19,40123,3,1,0,1,3,221,2,75,2,1,8,1,2,2,2,2,2,2,0,0,,0,0,0,0,0,0,,0,0,0,0,0,,0,0,,0,0,0,0,0,0,0,0,0,,0,0,0,0,0,,0,0,,0,0,0,0,0,0,0,0,0,0,,0,0,0,0,0,,0,0,0,,0,0,0,2,,2,2,2,2,2,2,2,0,2,0,1,2,2,2,2,8457,4,4,2,0,0,0,2
12B196,19,40123,2,1,0,2,3,221,2,63,6,2,7,1,1,1,1,2,2,2,1,4,,2,2,2,1,2,2,,2,0,2,1,1,,1,4,,2,2,2,2,1,2,2,2,2,,2,0,2,1,1,,0,0,,0,0,0,0,0,0,0,0,0,0,,0,0,0,0,0,,30,2,0,,2,3,2,0,,2,2,2,2,2,1,1,2,1,1,1,2,2,1,1,14351,1,2,1,2,2,0,1
11B196,19,40126,4,1,0,3,3,221,1,21,4,2,6,1,1,1,1,2,1,1,4,4,,2,2,2,1,2,2,,1,0,1,1,1,,6,3,,2,1,2,2,2,1,1,2,2,,2,0,2,1,1,,0,0,,0,0,0,0,0,0,0,0,0,0,,2,2,1,1,4,,45,2,0,,2,4,1,0,,2,2,2,2,1,1,1,2,1,1,1,1,1,1,1,21093,1,2,1,3,2,0,1
11B196,19,40126,1,1,0,1,3,221,1,56,3,3,1,1,1,2,2,2,2,2,0,0,,0,0,0,0,0,0,,0,0,0,0,0,,0,0,,0,0,0,0,0,0,0,0,0,,0,0,0,0,0,,0,0,,0,0,0,0,0,0,0,0,0,0,,0,0,0,0,0,,0,0,0,,0,0,0,3,,2,2,2,2,2,2,2,0,2,0,1,1,1,1,1,17626,2,4,2,0,0,0,2
11B196,19,40129,1,1,0,1,3,221,1,45,3,3,1,1,2,2,2,2,2,2,0,0,,0,0,0,0,0,0,,0,0,0,0,0,,0,0,,0,0,0,0,0,0,0,0,0,,0,0,0,0,0,,0,0,,0,0,0,0,0,0,0,0,0,0,,0,0,0,0,0,,0,0,0,,0,0,0,3,,2,2,2,2,2,2,2,0,2,0,1,2,1,2,1,22314,4,4,2,0,0,0,2
11B196,19,40129,4,1,0,1,3,221,1,49,6,3,1,1,1,1,2,1,2,1,2,3,,2,2,1,1,2,2,,1,0,1,1,1,,0,0,,0,0,0,0,0,0,0,0,0,,0,0,0,0,0,,5,3,,1,1,2,2,2,1,0,1,2,1,,0,0,0,2,1,,60,2,0,,2,3,1,0,,2,2,2,2,1,1,1,2,1,1,1,2,1,1,1,22314,1,2,1,3,0,1,1
12A192,19,40134,1,1,0,4,3,221,2,55,7,4,7,1,1,2,1,2,2,1,0,0,,0,0,0,0,0,0,,0,0,0,0,0,,1,4,,2,2,2,2,2,1,2,2,2,,1,0,1,2,1,,0,0,,0,0,0,0,0,0,0,0,0,0,,0,0,0,1,4,,20,2,0,,3,3,1,0,,2,2,2,2,1,1,1,1,1,3,1,2,1,2,2,29697,1,3,1,0,1,0,1
12A192,19,40134,4,1,0,2,3,221,2,45,4,3,7,1,1,1,1,1,2,1,2,4,,2,2,2,1,2,2,,2,0,2,1,1,,3,4,,2,2,2,2,2,2,2,1,2,,3,90,2,1,1,,1,3,,2,2,2,2,1,2,0,2,1,2,,0,0,0,2,1,,60,2,0,,2,3,1,0,,1,1,2,2,1,1,1,2,1,2,1,1,1,1,1,20639,1,2,1,2,2,2,1
11A192,19,40138,3,1,1,1,3,221,2,27,3,3,7,1,1,2,2,2,2,1,0,0,,0,0,0,0,0,0,,0,0,0,0,0,,0,0,,0,0,0,0,0,0,0,0,0,,0,0,0,0,0,,0,0,,0,0,0,0,0,0,0,0,0,0,,0,0,0,2,3,,60,2,0,,2,3,1,0,,2,2,2,2,2,1,2,0,1,1,1,1,1,1,1,6592,1,3,1,0,0,0,2
11A192,19,40138,4,1,0,3,3,221,1,20,4,3,6,1,1,1,2,2,2,1,3,2,,2,1,2,2,2,2,,3,3000,2,1,1,,0,0,,0,0,0,0,0,0,0,0,0,,0,0,0,0,0,,0,0,,0,0,0,0,0,0,0,0,0,0,,0,0,0,2,3,,60,2,0,,3,3,2,0,,2,2,2,1,2,1,1,2,1,1,1,1,1,1,1,24329,1,2,1,2,0,0,1
11A192,19,40138,1,1,0,2,3,221,2,52,3,3,7,1,1,1,1,1,2,2,3,3,,2,2,1,2,2,2,,2,0,2,1,1,,3,3,,2,2,1,2,2,2,1,2,2,,2,0,2,1,1,,7,4,,2,2,1,2,2,2,0,2,1,1,,0,0,0,0,0,,60,2,0,,2,4,2,0,,2,2,2,2,2,2,2,0,1,1,1,1,1,1,1,19031,1,2,1,2,2,2,1
13B193,19,40164,4,1,0,2,3,221,1,39,4,2,1,1,1,1,1,2,1,1,1,4,,1,2,2,2,2,2,,2,0,2,1,1,,2,3,,2,1,2,2,2,2,2,2,2,,3,200,2,1,1,,0,0,,0,0,0,0,0,0,0,0,0,0,,2,1,2,5,3,,45,2,0,,2,3,1,0,,2,1,2,2,2,2,2,0,1,1,1,1,1,1,1,21942,1,2,1,2,2,0,1
13B193,19,40164,3,1,0,2,3,221,2,29,3,3,7,1,2,2,1,2,2,2,0,0,,0,0,0,0,0,0,,0,0,0,0,0,,1,3,,2,2,1,2,2,2,2,2,2,,3,20,2,1,1,,0,0,,0,0,0,0,0,0,0,0,0,0,,0,0,0,0,0,,10,2,0,,2,4,2,0,,2,1,2,2,2,1,1,2,1,1,1,1,1,1,1,19233,3,3,1,0,2,0,1
13B193,19,40164,1,1,0,2,3,221,2,39,6,3,1,1,1,1,1,2,2,1,2,3,,2,2,2,2,1,2,,2,0,2,1,1,,3,1,,2,2,2,2,2,2,1,2,2,,2,0,2,1,1,,0,0,,0,0,0,0,0,0,0,0,0,0,,0,0,0,5,3,,60,2,0,,2,4,1,0,,2,2,2,1,1,2,2,0,1,1,1,2,1,1,1,29695,1,2,1,2,2,0,1
11B187,19,40171,4,1,0,2,3,221,2,46,2,6,7,1,2,2,2,2,2,2,0,0,,0,0,0,0,0,0,,0,0,0,0,0,,0,0,,0,0,0,0,0,0,0,0,0,,0,0,0,0,0,,0,0,,0,0,0,0,0,0,0,0,0,0,,0,0,0,0,0,,0,0,0,,0,0,0,2,,2,2,2,2,3,3,3,0,2,0,1,2,2,2,2,18126,4,4,2,0,0,0,2
11B187,19,40171,3,1,0,1,3,221,2,59,7,5,7,1,1,1,1,2,2,1,2,4,,2,2,2,1,2,2,,2,0,2,1,1,,2,4,,2,2,1,2,2,1,2,2,2,,2,0,2,1,1,,0,0,,0,0,0,0,0,0,0,0,0,0,,0,0,0,1,4,,60,2,0,,2,4,2,0,,2,2,2,2,1,1,2,0,1,1,1,1,1,1,1,13040,1,2,1,2,2,0,1
11B187,19,40171,2,1,0,2,3,221,2,91,0, ,7,2,0,0,0,0,0,0,0,0,,0,0,0,0,0,0,,0,0,0,0,0,,0,0,,0,0,0,0,0,0,0,0,0,,0,0,0,0,0,,0,0,,0,0,0,0,0,0,0,0,0,0,,0,0,0,0,0,,0,0,0,,0,0,0,0,,0,0,0,0,0,0,0,0,0,0,0,0,0,0,0,15369,0,0,0,0,0,0,0
11B187,19,40171,1,1,0,2,3,221,2,42,3,3,7,1,2,2,2,2,2,2,0,0,,0,0,0,0,0,0,,0,0,0,0,0,,0,0,,0,0,0,0,0,0,0,0,0,,0,0,0,0,0,,0,0,,0,0,0,0,0,0,0,0,0,0,,0,0,0,0,0,,0,0,0,,0,0,0,2,,2,2,2,2,2,2,2,0,2,0,1,1,1,1,1,12926,4,4,2,0,0,0,2
12B196,19,40174,4,1,0,1,3,221,2,51,2,3,1,1,1,1,2,2,2,2,1,5,,2,2,1,2,2,2,,2,0,2,1,1,,0,0,,0,0,0,0,0,0,0,0,0,,0,0,0,0,0,,0,0,,0,0,0,0,0,0,0,0,0,0,,0,0,0,0,0,,30,2,0,,1,1,2,0,,2,2,2,2,2,1,1,1,1,1,1,1,1,1,2,22211,1,1,1,2,0,0,1
12B196,19,40174,2,1,0,3,3,221,1,22,3,3,4,1,1,2,2,1,2,1,0,0,,0,0,0,0,0,0,,0,0,0,0,0,,0,0,,0,0,0,0,0,0,0,0,0,,0,0,0,0,0,,2,4,,2,2,2,2,1,1,0,1,2,1,,0,0,0,5,4,,40,2,0,,2,1,2,0,,2,2,2,2,2,1,3,0,2,0,1,1,1,1,1,28396,1,3,1,0,0,1,1
12B196,19,40174,1,1,0,1,3,221,1,84,2,3,8,1,1,1,2,2,2,2,1,5,,2,2,1,2,2,2,,2,0,2,1,1,,0,0,,0,0,0,0,0,0,0,0,0,,0,0,0,0,0,,0,0,,0,0,0,0,0,0,0,0,0,0,,0,0,0,0,0,,30,2,0,,1,1,2,0,,2,2,2,2,2,2,2,0,2,0,1,2,2,2,2,10117,1,1,1,2,0,0,1
12B196,19,40174,3,1,0,3,3,221,1,19,3,3,1,1,2,2,2,2,2,2,0,0,,0,0,0,0,0,0,,0,0,0,0,0,,0,0,,0,0,0,0,0,0,0,0,0,,0,0,0,0,0,,0,0,,0,0,0,0,0,0,0,0,0,0,,0,0,0,0,0,,0,0,0,,0,0,0,3,,2,2,2,2,2,2,2,0,2,0,1,1,1,1,2,28396,4,4,2,0,0,0,2
12A192,19,40183,2,1,0,2,3,221,2,32,3,3,7,1,1,1,2,2,2,1,40,6,LEER Y EXPLICAR LAS TAREAS A LOS HIJOS,2,1,2,2,1,2,,2,0,2,1,1,,0,0,,0,0,0,0,0,0,0,0,0,,0,0,0,0,0,,0,0,,0,0,0,0,0,0,0,0,0,0,,0,0,0,2,3,,30,2,0,,4,2,1,0,,2,2,2,2,1,2,2,0,2,0,1,1,1,1,1,13842,1,2,1,2,0,0,1
12A192,19,40183,1,1,0,2,3,221,2,41,3,3,7,1,1,1,2,2,1,2,52,6,LE LEE A SU HIJO DE 7 AÑOS,2,1,1,1,2,2,,1,0,1,1,1,,0,0,,0,0,0,0,0,0,0,0,0,,0,0,0,0,0,,0,0,,0,0,0,0,0,0,0,0,0,0,,2,1,2,0,0,,60,2,0,,1,3,2,0,,2,2,2,2,2,2,2,0,2,0,1,2,2,2,2,14249,1,2,1,3,0,0,1
12A192,19,40183,3,1,0,2,3,221,2,49,2,6,7,1,2,2,2,2,2,2,0,0,,0,0,0,0,0,0,,0,0,0,0,0,,0,0,,0,0,0,0,0,0,0,0,0,,0,0,0,0,0,,0,0,,0,0,0,0,0,0,0,0,0,0,,0,0,0,0,0,,0,0,0,,0,0,0,1,,2,2,2,2,2,2,2,0,2,0,1,2,2,2,2,26639,4,4,2,0,0,0,2
12A192,19,40183,4,1,0,1,3,221,1,60,7,5,1,1,1,1,2,2,2,1,3,1,,2,1,2,2,2,2,,1,0,1,2,1,,0,0,,0,0,0,0,0,0,0,0,0,,0,0,0,0,0,,0,0,,0,0,0,0,0,0,0,0,0,0,,0,0,0,1,3,,90,2,0,,2,4,2,0,,2,2,2,2,1,1,1,1,1,5,1,1,1,1,1,7114,1,2,1,1,0,0,1
11A192,19,40185,4,1,0,1,3,221,1,26,7,5,1,1,1,1,1,2,2,1,2,3,,2,1,2,2,2,2,,3,700,2,1,5,"EN AVIÓN, EN CAMINO AL TRABAJO",1,4,,2,1,2,2,2,2,2,2,2,,3,100,2,1,1,,0,0,,0,0,0,0,0,0,0,0,0,0,,0,0,0,2,4,,25,2,0,,4,3,1,0,,1,2,1,1,2,2,1,2,2,0,1,2,2,2,2,26787,1,2,1,2,2,0,1
11A192,19,40185,2,1,0,2,3,221,2,78,6,1,7,1,1,1,1,2,2,2,1,5,,2,2,1,2,2,2,,2,0,2,1,1,,2,3,,2,1,2,2,2,2,2,2,2,,2,0,2,1,1,,0,0,,0,0,0,0,0,0,0,0,0,0,,0,0,0,0,0,,20,2,0,,1,1,2,0,,2,2,2,2,2,1,1,1,3,0,1,2,1,3,2,27572,1,2,1,2,2,0,1
11A192,19,40185,3,1,0,2,3,221,2,53,8,4,1,1,1,1,1,1,2,1,8,2,,2,1,2,2,2,2,,1,0,1,2,1,,12,2,,2,1,2,2,2,2,2,2,2,,3,3500,1,1,2,,2,3,,1,2,2,1,2,2,0,2,1,1,,0,0,0,2,1,,30,2,0,,2,3,1,0,,2,2,2,1,1,1,1,2,1,5,1,1,1,1,1,32517,1,2,1,1,3,2,1
11B193,19,40209,4,1,0,3,3,221,2,18,7,1,6,1,1,1,2,1,2,1,2,2,,2,1,2,2,2,2,,3,600,2,1,1,,0,0,,0,0,0,0,0,0,0,0,0,,0,0,0,0,0,,1,2,,2,1,1,2,2,3,5,2,1,1,,0,0,0,2,4,,60,1,5,,3,3,2,0,,2,1,2,1,2,1,1,1,1,1,1,2,2,1,2,27525,1,2,1,2,0,2,1
11B193,19,40209,3,1,0,1,3,221,1,27,7,5,5,1,1,1,2,1,2,1,3,2,,2,1,2,2,2,2,,3,2000,2,1,1,,0,0,,0,0,0,0,0,0,0,0,0,,0,0,0,0,0,,3,4,,1,1,2,2,1,3,50,2,1,1,,0,0,0,2,3,,60,2,0,,3,3,2,0,,2,2,2,1,2,1,2,0,1,1,1,1,1,1,2,28753,1,2,1,2,0,2,1
11B193,19,40209,1,1,0,3,3,221,1,31,3,3,1,1,1,2,2,1,2,1,0,0,,0,0,0,0,0,0,,0,0,0,0,0,,0,0,,0,0,0,0,0,0,0,0,0,,0,0,0,0,0,,4,3,,1,1,2,2,1,2,0,2,1,1,,0,0,0,2,3,,30,2,0,,3,3,2,0,,2,2,2,2,2,1,2,0,2,0,1,1,1,1,1,28753,1,3,1,0,0,2,1
12B187,19,40213,1,1,0,1,3,221,1,31,3,3,1,1,1,2,1,1,1,1,0,0,,0,0,0,0,0,0,,0,0,0,0,0,,2,3,,1,1,2,2,2,2,2,2,2,,1,0,1,2,2,,6,3,,1,2,1,2,1,1,0,1,2,2,,3,1,2,2,4,,20,2,0,,2,3,1,0,,2,2,2,2,2,1,2,0,1,1,1,1,1,1,1,17938,1,3,1,0,1,1,1
12B187,19,40213,4,1,0,2,3,221,2,35,3,3,7,1,2,2,2,2,2,2,0,0,,0,0,0,0,0,0,,0,0,0,0,0,,0,0,,0,0,0,0,0,0,0,0,0,,0,0,0,0,0,,0,0,,0,0,0,0,0,0,0,0,0,0,,0,0,0,0,0,,0,0,0,,0,0,0,3,,2,2,2,2,2,2,1,1,1,1,1,1,1,1,1,15529,4,4,2,0,0,0,2
12B187,19,40213,2,1,0,1,3,221,1,46,6,3,1,1,1,2,1,1,1,1,0,0,,0,0,0,0,0,0,,0,0,0,0,0,,5,4,,1,2,2,2,2,2,2,2,2,,3,250,2,1,1,,7,3,,1,1,2,2,1,3,56,2,1,1,,5,1,1,2,1,,15,2,0,,2,4,2,0,,2,2,2,2,1,1,1,2,2,0,1,2,1,1,1,8994,1,3,1,0,2,2,1
12B187,19,40213,3,1,0,1,3,221,1,36,3,3,1,1,1,1,2,2,2,1,1,3,,2,2,1,2,2,2,,2,0,2,1,1,,0,0,,0,0,0,0,0,0,0,0,0,,0,0,0,0,0,,0,0,,0,0,0,0,0,0,0,0,0,0,,0,0,0,5,3,,10,2,0,,2,3,1,0,,2,2,2,2,2,2,1,2,2,0,1,2,1,1,2,17212,1,2,1,2,0,0,1
11B187,19,40214,2,1,0,1,3,221,2,31,6,2,1,1,2,2,2,2,2,1,0,0,,0,0,0,0,0,0,,0,0,0,0,0,,0,0,,0,0,0,0,0,0,0,0,0,,0,0,0,0,0,,0,0,,0,0,0,0,0,0,0,0,0,0,,0,0,0,2,4,,60,2,0,,4,4,2,0,,2,2,2,2,1,2,1,2,1,1,1,2,1,1,1,14335,3,3,1,0,0,0,2
11B187,19,40214,1,1,0,2,3,221,2,45,3,2,1,1,1,1,1,1,2,1,4,4,,2,2,2,1,2,2,,2,0,2,1,2,,2,3,,2,2,1,2,2,2,2,2,2,,2,0,2,1,2,,5,3,,1,2,2,2,1,2,0,2,1,2,,0,0,0,2,4,,20,2,0,,1,2,2,0,,2,2,2,2,2,1,1,1,1,1,1,2,1,1,1,27589,1,2,1,2,2,2,1
11B187,19,40214,4,1,0,2,3,221,2,70,2,4,7,1,2,2,2,2,2,2,0,0,,0,0,0,0,0,0,,0,0,0,0,0,,0,0,,0,0,0,0,0,0,0,0,0,,0,0,0,0,0,,0,0,,0,0,0,0,0,0,0,0,0,0,,0,0,0,0,0,,0,0,0,,0,0,0,5,,2,2,2,2,2,2,2,0,2,0,1,2,1,1,2,43863,4,4,2,0,0,0,2
11B187,19,40214,3,1,0,3,3,221,1,75,2,3,8,1,1,2,2,1,2,2,0,0,,0,0,0,0,0,0,,0,0,0,0,0,,0,0,,0,0,0,0,0,0,0,0,0,,0,0,0,0,0,,6,3,,1,1,2,2,1,3,90,2,1,1,,0,0,0,0,0,,30,2,0,,2,2,2,0,,2,2,2,2,2,2,2,0,1,1,1,2,1,1,2,9425,1,3,1,0,0,2,1
13B196,19,40215,4,1,0,2,3,221,2,38,4,2,7,1,1,1,2,2,2,2,1,5,,2,2,1,2,2,2,,3,3000,2,1,1,,0,0,,0,0,0,0,0,0,0,0,0,,0,0,0,0,0,,0,0,,0,0,0,0,0,0,0,0,0,0,,0,0,0,0,0,,20,2,0,,4,4,1,0,,2,2,2,2,1,1,3,0,1,1,1,2,1,1,1,58528,1,1,1,2,0,0,1
13B196,19,40215,2,1,0,2,3,221,2,24,7,5,1,1,1,1,2,2,2,1,2,1,,2,1,2,2,2,2,,3,200,2,1,1,,0,0,,0,0,0,0,0,0,0,0,0,,0,0,0,0,0,,0,0,,0,0,0,0,0,0,0,0,0,0,,0,0,0,5,1,,60,2,0,,2,4,1,0,,2,2,2,1,1,1,1,2,1,1,1,1,1,1,1,107866,1,2,1,2,0,0,1
13B196,19,40215,1,1,0,1,3,221,1,37,7,5,1,1,1,1,2,2,2,1,1,3,,1,2,2,2,2,2,,1,0,1,2,1,,0,0,,0,0,0,0,0,0,0,0,0,,0,0,0,0,0,,0,0,,0,0,0,0,0,0,0,0,0,0,,0,0,0,5,3,,15,2,0,,4,4,1,0,,2,2,2,2,1,1,1,1,1,1,1,1,1,1,1,43247,1,2,1,1,0,0,1
12B187,19,40216,2,1,0,2,3,221,2,30,7,5,1,1,1,2,1,2,2,1,0,0,,0,0,0,0,0,0,,0,0,0,0,0,,10,1,,2,1,2,2,2,2,1,2,2,,1,0,1,2,1,,0,0,,0,0,0,0,0,0,0,0,0,0,,0,0,0,1,3,,30,2,0,,3,2,1,0,,1,2,2,1,1,1,2,0,1,1,1,1,1,1,1,14696,1,3,1,0,1,0,1
12B187,19,40216,1,1,0,1,3,221,1,52,8,2,1,1,1,1,1,1,2,1,6,3,,2,2,1,2,1,2,,3,1200,2,1,1,,3,4,,2,1,2,1,2,2,2,2,2,,1,0,1,2,1,,1,3,,1,2,2,2,1,1,0,1,2,1,,0,0,0,5,3,,60,2,0,,4,4,1,0,,2,2,2,2,1,1,1,3,1,1,1,2,1,1,2,17523,1,2,1,2,1,1,1
12B187,19,40216,3,1,1,1,3,221,1,40,3,3,1,1,2,2,2,2,2,2,0,0,,0,0,0,0,0,0,,0,0,0,0,0,,0,0,,0,0,0,0,0,0,0,0,0,,0,0,0,0,0,,0,0,,0,0,0,0,0,0,0,0,0,0,,0,0,0,0,0,,0,0,0,,0,0,0,1,,2,2,2,2,2,1,2,0,1,1,1,2,2,2,1,16766,4,4,2,0,0,0,2
12B187,19,40216,4,1,0,2,3,221,2,64,6,3,7,1,1,1,2,1,2,2,1,5,,2,2,1,2,2,2,,2,0,2,1,1,,0,0,,0,0,0,0,0,0,0,0,0,,0,0,0,0,0,,1,4,,1,1,1,1,2,2,0,2,1,1,,0,0,0,0,0,,30,2,0,,3,3,2,0,,2,2,2,2,2,1,1,1,1,1,1,3,1,1,3,22890,1,2,1,2,0,2,1
13B187,19,40218,2,1,0,1,3,221,1,27,3,3,1,1,1,2,2,1,2,1,0,0,,0,0,0,0,0,0,,0,0,0,0,0,,0,0,,0,0,0,0,0,0,0,0,0,,0,0,0,0,0,,1,4,,2,2,2,2,1,3,10,2,1,1,,0,0,0,5,4,,30,2,0,,4,4,2,0,,2,2,2,2,1,1,1,1,1,1,1,2,1,1,1,18395,1,3,1,0,0,2,1
13B187,19,40218,4,1,0,1,3,221,1,48,4,1,1,1,2,2,2,1,2,2,0,0,,0,0,0,0,0,0,,0,0,0,0,0,,0,0,,0,0,0,0,0,0,0,0,0,,0,0,0,0,0,,2,4,,1,1,1,1,1,2,0,2,1,1,,0,0,0,0,0,,20,2,0,,2,4,2,0,,2,2,2,2,2,2,2,0,2,0,1,1,1,1,1,9223,3,3,1,0,0,2,1
13B187,19,40218,3,1,0,2,3,221,2,58,6,1,1,1,1,2,1,2,2,1,0,0,,0,0,0,0,0,0,,0,0,0,0,0,,2,4,,2,2,1,2,2,2,2,1,2,,2,0,2,1,1,,0,0,,0,0,0,0,0,0,0,0,0,0,,0,0,0,1,4,,30,2,0,,2,3,2,0,,2,2,2,2,2,1,1,2,1,1,1,1,1,1,1,16065,1,3,1,0,2,0,1
12B187,19,40219,3,1,0,3,3,221,1,29,8,2,1,1,1,1,2,2,2,1,6,4,,2,2,2,1,2,2,,2,0,2,1,1,,0,0,,0,0,0,0,0,0,0,0,0,,0,0,0,0,0,,0,0,,0,0,0,0,0,0,0,0,0,0,,0,0,0,5,4,,90,2,0,,3,3,2,0,,2,2,2,2,2,1,1,2,1,1,1,2,1,1,2,28377,1,2,1,2,0,0,1
11B187,19,40220,1,1,0,1,3,221,1,49,4,1,1,1,1,2,2,2,2,1,0,0,,0,0,0,0,0,0,,0,0,0,0,0,,0,0,,0,0,0,0,0,0,0,0,0,,0,0,0,0,0,,0,0,,0,0,0,0,0,0,0,0,0,0,,0,0,0,3,3,,60,2,0,,4,4,1,0,,2,2,2,2,2,2,2,0,2,0,1,1,1,1,1,23218,1,3,1,0,0,0,2
11B187,19,40220,4,1,1,1,3,221,1,36,3,3,1,1,1,2,1,2,2,2,0,0,,0,0,0,0,0,0,,0,0,0,0,0,,2,1,,1,2,2,2,2,2,2,2,2,,2,0,2,1,2,,0,0,,0,0,0,0,0,0,0,0,0,0,,0,0,0,0,0,,120,2,0,,1,4,2,0,,2,1,2,2,2,2,2,0,2,0,1,1,1,1,1,7405,1,3,1,0,2,0,1
11B187,19,40220,2,1,0,2,3,221,1,25,3,3,1,1,1,2,2,1,1,1,0,0,,0,0,0,0,0,0,,0,0,0,0,0,,0,0,,0,0,0,0,0,0,0,0,0,,0,0,0,0,0,,2,4,,2,1,1,2,1,3,25,2,1,2,,5,2,1,5,4,,15,2,0,,2,2,2,0,,2,2,2,2,2,1,1,2,2,0,1,2,1,1,1,15435,1,3,1,0,0,2,1
11B187,19,40220,3,1,0,2,3,221,2,58,2,6,7,1,1,2,2,2,2,2,0,0,,0,0,0,0,0,0,,0,0,0,0,0,,0,0,,0,0,0,0,0,0,0,0,0,,0,0,0,0,0,,0,0,,0,0,0,0,0,0,0,0,0,0,,0,0,0,0,0,,0,0,0,,0,0,0,2,,2,2,2,2,2,1,2,0,2,0,1,2,2,2,2,13480,2,4,2,0,0,0,2
12B187,19,40221,1,1,0,3,3,221,2,21,7,2,6,1,1,2,1,2,2,1,0,0,,0,0,0,0,0,0,,0,0,0,0,0,,4,2,,2,1,2,2,2,1,2,2,2,,1,0,1,2,1,,0,0,,0,0,0,0,0,0,0,0,0,0,,0,0,0,3,2,,60,2,0,,4,4,1,0,,2,2,2,2,2,1,1,2,1,1,1,1,1,1,1,41433,1,3,1,0,1,0,1
12B187,19,40221,3,1,0,2,3,221,2,45,3,3,1,1,2,2,2,2,2,2,0,0,,0,0,0,0,0,0,,0,0,0,0,0,,0,0,,0,0,0,0,0,0,0,0,0,,0,0,0,0,0,,0,0,,0,0,0,0,0,0,0,0,0,0,,0,0,0,0,0,,0,0,0,,0,0,0,3,,2,2,2,2,2,2,2,0,2,0,1,2,1,2,2,28021,4,4,2,0,0,0,2
12B187,19,40221,4,1,0,1,3,221,1,59,2,1,1,1,2,2,2,2,2,2,0,0,,0,0,0,0,0,0,,0,0,0,0,0,,0,0,,0,0,0,0,0,0,0,0,0,,0,0,0,0,0,,0,0,,0,0,0,0,0,0,0,0,0,0,,0,0,0,0,0,,0,0,0,,0,0,0,3,,2,2,2,2,2,2,1,1,1,1,1,2,1,2,2,19957,4,4,2,0,0,0,2
13A192,19,40223,3,1,0,1,3,221,1,46,6,2,1,1,2,2,2,2,2,1,0,0,,0,0,0,0,0,0,,0,0,0,0,0,,0,0,,0,0,0,0,0,0,0,0,0,,0,0,0,0,0,,0,0,,0,0,0,0,0,0,0,0,0,0,,0,0,0,5,4,,6,2,0,,3,2,2,0,,2,2,2,2,2,1,2,0,1,1,1,2,2,1,1,20826,3,3,1,0,0,0,2
13A192,19,40223,4,1,0,1,3,221,1,36,7,4,1,1,1,1,1,2,2,2,3,4,,2,2,1,2,2,2,,1,0,1,2,1,,2,3,,1,2,2,2,2,2,2,2,2,,2,0,2,1,1,,0,0,,0,0,0,0,0,0,0,0,0,0,,0,0,0,0,0,,60,2,0,,3,3,2,0,,1,2,2,1,1,1,1,1,1,2,1,1,1,1,1,9963,1,2,1,1,2,0,1
13A192,19,40223,1,1,0,1,3,221,1,46,6,3,1,1,1,2,1,1,2,1,0,0,,0,0,0,0,0,0,,0,0,0,0,0,,4,3,,2,2,2,1,2,2,2,2,2,,1,0,1,2,1,,7,3,,1,1,1,1,1,1,0,1,2,1,,0,0,0,1,3,,60,1,4,,3,3,2,0,,2,2,2,2,1,1,1,1,2,0,1,2,1,2,1,10412,1,3,1,0,1,1,1
13A192,19,40223,2,1,0,1,3,221,1,42,3,3,1,1,2,2,2,2,2,2,0,0,,0,0,0,0,0,0,,0,0,0,0,0,,0,0,,0,0,0,0,0,0,0,0,0,,0,0,0,0,0,,0,0,,0,0,0,0,0,0,0,0,0,0,,0,0,0,0,0,,0,0,0,,0,0,0,2,,2,2,2,2,1,1,1,2,2,0,1,1,1,1,1,19926,4,4,2,0,0,0,2
13B194,19,40252,2,1,0,1,3,221,2,32,2,5,7,1,1,2,1,2,2,1,0,0,,0,0,0,0,0,0,,0,0,0,0,0,,1,3,,2,2,1,2,2,2,2,2,2,,3,65,2,1,1,,0,0,,0,0,0,0,0,0,0,0,0,0,,0,0,0,2,3,,15,1,3,,2,2,1,0,,2,1,2,2,2,1,1,1,1,2,1,1,1,1,1,25239,1,3,1,0,2,0,1
13B194,19,40252,1,1,0,1,3,221,2,42,3,3,7,1,2,2,2,2,2,1,0,0,,0,0,0,0,0,0,,0,0,0,0,0,,0,0,,0,0,0,0,0,0,0,0,0,,0,0,0,0,0,,0,0,,0,0,0,0,0,0,0,0,0,0,,0,0,0,1,3,,20,2,0,,2,4,2,0,,2,2,2,2,2,2,2,0,2,0,1,1,1,1,1,25980,3,3,1,0,0,0,2
13B194,19,40252,3,1,0,1,3,221,1,22,3,3,1,1,2,2,2,2,2,2,0,0,,0,0,0,0,0,0,,0,0,0,0,0,,0,0,,0,0,0,0,0,0,0,0,0,,0,0,0,0,0,,0,0,,0,0,0,0,0,0,0,0,0,0,,0,0,0,0,0,,0,0,0,,0,0,0,3,,2,2,2,2,2,1,1,2,2,0,1,1,1,1,1,62096,4,4,2,0,0,0,2
13B194,19,40252,4,1,0,1,3,221,1,40,2,4,1,1,1,1,1,1,2,2,1,1,,1,2,2,2,2,2,,2,0,2,1,1,,1,4,,1,2,2,2,2,2,2,2,2,,2,0,2,1,1,,2,3,,2,1,1,1,1,3,20,2,1,1,,0,0,0,0,0,,30,2,0,,2,2,2,0,,2,2,2,2,2,2,1,1,1,1,1,1,1,1,1,28796,1,2,1,2,2,2,1
11B194,19,40254,2,1,0,1,3,221,1,25,7,3,1,1,1,1,1,2,2,2,2,2,,2,1,2,2,1,2,,2,0,2,1,1,,2,3,,2,1,2,2,2,2,2,2,2,,3,150,2,1,1,,0,0,,0,0,0,0,0,0,0,0,0,0,,0,0,0,0,0,,15,2,0,,2,4,2,0,,2,2,2,2,1,1,1,2,1,1,1,1,1,1,1,14637,1,2,1,2,2,0,1
11B194,19,40254,4,1,0,1,3,221,2,44,3,1,1,1,2,2,2,2,2,2,0,0,,0,0,0,0,0,0,,0,0,0,0,0,,0,0,,0,0,0,0,0,0,0,0,0,,0,0,0,0,0,,0,0,,0,0,0,0,0,0,0,0,0,0,,0,0,0,0,0,,0,0,0,,0,0,0,3,,2,2,2,2,2,1,2,0,2,0,1,2,1,1,3,12671,4,4,2,0,0,0,2
11B194,19,40254,1,1,0,4,3,221,1,30,3,3,1,1,2,2,2,2,2,2,0,0,,0,0,0,0,0,0,,0,0,0,0,0,,0,0,,0,0,0,0,0,0,0,0,0,,0,0,0,0,0,,0,0,,0,0,0,0,0,0,0,0,0,0,,0,0,0,0,0,,0,0,0,,0,0,0,3,,2,2,2,2,2,2,2,0,2,0,1,2,1,2,2,29276,4,4,2,0,0,0,2
11B194,19,40254,3,1,0,3,3,221,2,28,3,3,1,1,1,1,2,2,2,1,1,4,,2,2,2,1,2,2,,2,0,2,1,1,,0,0,,0,0,0,0,0,0,0,0,0,,0,0,0,0,0,,0,0,,0,0,0,0,0,0,0,0,0,0,,0,0,0,1,3,,40,2,0,,2,4,1,0,,2,2,2,2,2,2,2,0,2,0,1,1,1,1,1,18466,1,2,1,2,0,0,1
12B194,19,40298,4,1,0,2,3,221,2,43,7,5,7,1,1,2,1,1,2,2,0,0,,0,0,0,0,0,0,,0,0,0,0,0,,1,3,,2,2,1,2,2,2,2,2,2,,1,0,1,2,1,,2,3,,2,2,1,1,1,1,0,1,2,1,,0,0,0,0,0,,60,2,0,,2,3,1,0,,2,2,2,2,1,2,2,0,1,1,1,1,1,1,1,15453,1,3,1,0,1,1,1
12B194,19,40298,1,1,0,3,3,221,2,19,4,3,6,1,1,1,1,2,2,1,6,2,,2,1,2,2,2,2,,3,4000,2,1,1,,3,2,,2,2,2,2,2,1,2,2,2,,1,0,1,2,1,,0,0,,0,0,0,0,0,0,0,0,0,0,,0,0,0,2,2,,60,2,0,,3,3,1,0,,1,1,2,1,1,1,1,2,1,1,1,1,1,1,1,32039,1,2,1,2,1,0,1
12B194,19,40298,3,1,0,1,3,221,1,42,3,3,1,1,2,2,2,2,2,2,0,0,,0,0,0,0,0,0,,0,0,0,0,0,,0,0,,0,0,0,0,0,0,0,0,0,,0,0,0,0,0,,0,0,,0,0,0,0,0,0,0,0,0,0,,0,0,0,0,0,,0,0,0,,0,0,0,2,,2,2,2,2,1,2,2,0,1,1,1,1,1,1,1,25691,4,4,2,0,0,0,2
12B194,19,40298,2,1,0,2,3,221,2,44,4,2,7,1,1,2,1,2,2,2,0,0,,0,0,0,0,0,0,,0,0,0,0,0,,3,5,,2,2,2,2,1,2,2,2,2,,1,0,1,2,1,,0,0,,0,0,0,0,0,0,0,0,0,0,,0,0,0,0,0,,120,2,0,,2,2,2,0,,2,2,2,2,2,2,2,0,2,0,1,2,1,1,1,23179,1,3,1,0,1,0,1
12B194,19,40299,4,1,0,1,3,221,2,21,4,2,1,1,2,2,2,2,2,1,0,0,,0,0,0,0,0,0,,0,0,0,0,0,,0,0,,0,0,0,0,0,0,0,0,0,,0,0,0,0,0,,0,0,,0,0,0,0,0,0,0,0,0,0,,0,0,0,5,4,,30,2,0,,3,3,1,0,,2,2,2,2,2,2,1,2,3,0,1,1,1,1,1,17287,3,3,1,0,0,0,2
12B194,19,40299,2,1,0,2,3,221,2,19,3,3,7,1,1,1,2,2,1,1,10,4,,2,2,2,1,2,2,,3,500,1,2,1,,0,0,,0,0,0,0,0,0,0,0,0,,0,0,0,0,0,,0,0,,0,0,0,0,0,0,0,0,0,0,,1,1,1,1,4,,90,2,0,,2,4,1,0,,2,2,2,2,2,1,2,0,1,3,1,1,1,2,2,17287,1,2,1,1,0,0,1
12B194,19,40299,1,1,0,1,3,221,1,60,4,3,1,1,1,1,2,1,2,1,1,4,,2,2,2,1,2,2,,2,0,2,1,4,,0,0,,0,0,0,0,0,0,0,0,0,,0,0,0,0,0,,2,4,,1,1,2,2,1,3,20,2,1,2,,0,0,0,1,3,,20,2,0,,2,4,1,0,,2,2,2,2,1,1,1,1,1,5,1,1,1,1,1,18734,1,2,1,2,0,2,1
12B194,19,40299,3,1,0,2,3,221,2,69,2,3,1,1,1,1,2,2,2,1,2,5,,2,2,1,1,2,2,,2,0,2,1,1,,0,0,,0,0,0,0,0,0,0,0,0,,0,0,0,0,0,,0,0,,0,0,0,0,0,0,0,0,0,0,,0,0,0,2,3,,90,2,0,,2,2,1,0,,2,2,2,2,2,2,2,0,2,0,1,2,1,1,2,22305,1,2,1,2,0,0,1
11B194,19,40300,4,1,0,3,3,221,2,40,4,2,1,1,1,1,1,1,2,1,23,2,,2,1,2,2,2,2,,3,2400,2,1,1,,15,2,,2,2,2,2,2,2,2,2,1,TEMAS ESCOLARES DE PREPARATORIA,3,500,2,1,1,,5,3,,1,2,1,2,1,1,0,1,2,2,,0,0,0,1,3,,15,1,6,,3,3,1,0,,1,2,2,1,2,1,1,1,1,3,1,1,1,1,1,24854,1,2,1,2,2,1,1
11B194,19,40300,3,1,0,3,3,221,1,21,4,3,1,1,1,1,2,1,2,1,3,4,,2,1,2,2,2,2,,2,0,2,1,1,,0,0,,0,0,0,0,0,0,0,0,0,,0,0,0,0,0,,3,3,,2,1,1,1,1,3,30,2,1,2,,0,0,0,2,4,,60,2,0,,3,3,2,0,,2,2,2,2,2,1,1,2,1,1,1,2,1,1,1,29702,1,2,1,2,0,2,1
11B194,19,40300,2,1,1,1,3,221,2,58,2,6,7,1,2,2,2,2,2,2,0,0,,0,0,0,0,0,0,,0,0,0,0,0,,0,0,,0,0,0,0,0,0,0,0,0,,0,0,0,0,0,,0,0,,0,0,0,0,0,0,0,0,0,0,,0,0,0,0,0,,0,0,0,,0,0,0,5,,2,2,2,2,2,2,2,0,2,0,1,2,1,1,1,12536,4,4,2,0,0,0,2
11B194,19,40300,1,1,0,2,3,221,2,42,3,3,7,1,1,2,2,1,2,2,0,0,,0,0,0,0,0,0,,0,0,0,0,0,,0,0,,0,0,0,0,0,0,0,0,0,,0,0,0,0,0,,2,4,,2,1,2,1,1,2,0,2,1,1,,0,0,0,0,0,,15,2,0,,2,3,1,0,,2,2,2,2,1,1,1,2,2,0,1,1,1,1,1,12427,1,3,1,0,0,2,1
11B194,19,40303,2,1,0,1,3,221,1,59,6,3,1,1,1,2,2,1,2,2,0,0,,0,0,0,0,0,0,,0,0,0,0,0,,0,0,,0,0,0,0,0,0,0,0,0,,0,0,0,0,0,,5,3,,1,1,2,2,1,3,100,2,1,2,,0,0,0,0,0,,15,2,0,,2,3,2,0,,2,2,2,2,2,2,2,0,2,0,1,2,1,1,1,22023,1,3,1,0,0,2,1
11B194,19,40303,4,1,0,2,3,221,2,46,3,3,7,1,2,1,2,2,2,2,1,5,,2,2,1,2,2,2,,2,0,2,1,1,,0,0,,0,0,0,0,0,0,0,0,0,,0,0,0,0,0,,0,0,,0,0,0,0,0,0,0,0,0,0,,0,0,0,0,0,,20,2,0,,2,2,2,0,,2,2,2,2,2,1,2,0,1,1,1,2,1,1,1,27487,3,1,1,2,0,0,1
11B194,19,40303,3,1,0,2,3,221,2,43,6,2,7,1,2,2,2,2,2,2,0,0,,0,0,0,0,0,0,,0,0,0,0,0,,0,0,,0,0,0,0,0,0,0,0,0,,0,0,0,0,0,,0,0,,0,0,0,0,0,0,0,0,0,0,,0,0,0,0,0,,0,0,0,,0,0,0,1,,2,2,2,2,1,1,1,1,1,4,1,1,1,1,1,14702,4,4,2,0,0,0,2
11B194,19,40303,1,1,0,1,3,221,2,60,3,3,7,1,1,1,2,2,2,2,1,5,,2,2,1,2,2,2,,2,0,2,1,1,,0,0,,0,0,0,0,0,0,0,0,0,,0,0,0,0,0,,0,0,,0,0,0,0,0,0,0,0,0,0,,0,0,0,0,0,,90,2,0,,2,2,2,0,,2,2,2,2,2,2,2,0,2,0,1,1,1,1,1,14832,1,1,1,2,0,0,1
13B188,19,40306,1,1,0,2,3,221,2,34,3,3,7,1,1,2,1,2,2,1,0,0,,0,0,0,0,0,0,,0,0,0,0,0,,2,4,,2,2,2,1,2,2,2,1,2,,2,0,2,1,1,,0,0,,0,0,0,0,0,0,0,0,0,0,,0,0,0,5,4,,15,2,0,,2,3,2,0,,2,2,2,2,2,2,2,0,2,0,1,2,1,2,2,14575,1,3,1,0,2,0,1
13B188,19,40306,4,1,0,4,3,221,1,41,4,3,1,1,1,1,1,1,2,1,10,1,,2,1,2,2,2,2,,2,0,1,2,1,,5,1,,2,1,1,2,2,1,2,2,2,,2,0,1,2,1,,5,1,,1,2,2,2,2,2,0,1,2,1,,0,0,0,2,1,,120,2,0,,2,3,1,0,,2,2,2,2,1,1,1,1,1,1,1,2,1,2,1,16628,1,2,1,1,1,1,1
13B188,19,40306,2,1,1,1,3,221,1,26,7,3,1,1,1,1,2,2,2,1,8,4,,1,2,2,1,2,2,,1,0,1,2,1,,0,0,,0,0,0,0,0,0,0,0,0,,0,0,0,0,0,,0,0,,0,0,0,0,0,0,0,0,0,0,,0,0,0,2,4,,60,1,5,,4,4,2,0,,2,2,2,2,1,1,2,0,1,1,1,1,1,1,1,17330,1,2,1,1,0,0,1
13B188,19,40306,3,1,0,2,3,221,2,43,7,5,6,1,1,2,1,2,2,2,0,0,,0,0,0,0,0,0,,0,0,0,0,0,,2,5,,2,2,2,2,1,2,2,2,1,ATALAYA,3,30,1,1,1,,0,0,,0,0,0,0,0,0,0,0,0,0,,0,0,0,0,0,,30,2,0,,3,3,1,0,,2,2,2,2,1,1,1,1,1,1,1,1,1,1,1,15002,1,3,1,0,3,0,1
12B194,19,40348,2,1,0,3,3,221,1,26,4,3,1,1,1,1,2,2,2,1,3,4,,2,2,1,2,1,2,,3,1000,2,1,1,,0,0,,0,0,0,0,0,0,0,0,0,,0,0,0,0,0,,0,0,,0,0,0,0,0,0,0,0,0,0,,0,0,0,1,3,,30,1,2,,2,3,1,0,,1,2,2,1,1,1,1,2,1,1,1,1,1,1,2,34549,1,2,1,2,0,0,1
12B194,19,40348,4,1,0,2,3,221,1,23,2,4,4,1,2,2,2,1,2,1,0,0,,0,0,0,0,0,0,,0,0,0,0,0,,0,0,,0,0,0,0,0,0,0,0,0,,0,0,0,0,0,,1,4,,2,1,2,2,2,1,0,1,2,1,,0,0,0,1,4,,9,2,0,,1,2,2,0,,2,2,2,2,2,1,1,2,1,1,1,1,1,2,1,17872,3,3,1,0,0,1,1
12B194,19,40348,1,1,0,2,3,221,2,43,6,4,7,1,2,2,2,1,2,2,0,0,,0,0,0,0,0,0,,0,0,0,0,0,,0,0,,0,0,0,0,0,0,0,0,0,,0,0,0,0,0,,1,3,,1,2,2,2,1,1,0,1,2,1,,0,0,0,0,0,,10,2,0,,3,3,2,0,,2,2,2,2,1,2,1,2,1,1,1,1,1,1,1,14955,3,3,1,0,0,1,1
12B188,19,40352,1,1,0,1,3,221,1,45,4,2,1,1,1,1,2,2,2,1,3,2,,2,1,2,2,2,2,,3,1500,2,1,1,,0,0,,0,0,0,0,0,0,0,0,0,,0,0,0,0,0,,0,0,,0,0,0,0,0,0,0,0,0,0,,0,0,0,1,2,,60,2,0,,2,2,1,0,,2,2,2,2,1,1,1,1,1,4,1,1,1,1,1,18658,1,2,1,2,0,0,1
12B188,19,40352,2,1,0,2,3,221,2,31,3,3,7,1,1,1,1,1,1,1,2,3,,2,2,2,2,1,2,,1,0,1,2,1,,2,3,,2,2,1,2,2,2,2,2,2,,1,0,1,2,1,,1,3,,1,2,1,1,1,3,20,2,1,1,,3,1,2,3,3,,30,2,0,,4,4,1,0,,1,1,2,2,1,1,1,2,1,2,1,1,1,1,1,15648,1,2,1,1,1,2,1
12B188,19,40352,4,1,0,4,3,221,2,28,7,2,6,1,1,1,2,2,2,1,2,2,,2,1,2,2,1,2,,1,0,1,2,1,,0,0,,0,0,0,0,0,0,0,0,0,,0,0,0,0,0,,0,0,,0,0,0,0,0,0,0,0,0,0,,0,0,0,5,3,,60,2,0,,3,3,1,0,,2,2,2,2,2,2,2,0,1,1,1,1,1,1,1,31295,1,2,1,1,0,0,1
12B188,19,40354,3,1,0,1,3,221,2,31,7,3,1,1,1,1,2,2,2,1,2,3,,2,1,2,1,2,2,,1,0,1,2,1,,0,0,,0,0,0,0,0,0,0,0,0,,0,0,0,0,0,,0,0,,0,0,0,0,0,0,0,0,0,0,,0,0,0,1,3,,40,2,0,,3,3,2,0,,2,2,2,2,1,1,1,2,1,2,1,1,1,1,1,7189,1,2,1,1,0,0,1
12B188,19,40354,2,1,0,1,3,221,1,29,3,3,1,1,1,1,2,2,1,2,4,4,,2,2,1,2,2,2,,2,0,2,1,1,,0,0,,0,0,0,0,0,0,0,0,0,,0,0,0,0,0,,0,0,,0,0,0,0,0,0,0,0,0,0,,3,1,2,0,0,,20,2,0,,2,1,1,0,,2,2,2,2,2,2,2,0,2,0,1,2,1,1,1,34193,1,2,1,2,0,0,1
12B188,19,40354,4,1,0,1,3,221,2,49,4,3,4,1,1,1,2,2,2,1,5,4,,1,2,1,1,1,2,,1,0,1,1,1,,0,0,,0,0,0,0,0,0,0,0,0,,0,0,0,0,0,,0,0,,0,0,0,0,0,0,0,0,0,0,,0,0,0,1,4,,180,2,0,,2,4,1,0,,1,1,2,1,2,1,2,0,1,5,1,2,2,2,2,20753,1,2,1,3,0,0,1
12B188,19,40354,1,1,0,3,3,221,2,46,7,3,1,1,2,2,2,2,2,1,0,0,,0,0,0,0,0,0,,0,0,0,0,0,,0,0,,0,0,0,0,0,0,0,0,0,,0,0,0,0,0,,0,0,,0,0,0,0,0,0,0,0,0,0,,0,0,0,1,4,,10,1,5,,2,3,1,0,,2,2,2,2,2,1,1,2,1,1,1,1,1,1,1,13836,3,3,1,0,0,0,2
12B188,19,40360,4,1,0,3,3,221,2,28,7,5,1,1,1,1,1,1,2,1,3,4,,2,1,2,2,2,2,,3,250,1,1,1,,1,4,,2,2,2,1,2,2,2,2,2,,2,0,2,1,1,,4,3,,2,2,2,1,1,3,40,2,1,1,,0,0,0,1,4,,30,2,0,,2,4,1,0,,2,2,2,2,1,1,1,2,1,2,1,1,1,1,1,21357,1,2,1,3,2,2,1
12B188,19,40360,2,1,0,1,3,221,1,54,7,5,1,1,1,1,1,1,2,1,1,1,,2,1,2,2,2,2,,3,480,2,1,1,,2,3,,2,1,2,1,2,2,2,2,2,,2,0,2,1,2,,2,3,,1,2,1,2,2,3,20,1,2,2,,0,0,0,2,4,,90,2,0,,2,4,1,0,,2,1,2,1,1,1,1,2,1,1,1,3,1,1,1,16978,1,2,1,2,2,1,1
12B188,19,40360,3,1,0,2,3,221,2,78,8,2,8,1,2,2,2,2,2,2,0,0,,0,0,0,0,0,0,,0,0,0,0,0,,0,0,,0,0,0,0,0,0,0,0,0,,0,0,0,0,0,,0,0,,0,0,0,0,0,0,0,0,0,0,,0,0,0,0,0,,0,0,0,,0,0,0,6,POR SU VISTA Y SU ESPOSO EN CAMA QUE LO CUIDA,2,2,2,2,1,1,1,1,1,1,1,1,1,1,1,26139,4,4,2,0,0,0,2
11B188,19,40399,2,1,0,2,3,221,2,70,0, ,7,2,0,0,0,0,0,0,0,0,,0,0,0,0,0,0,,0,0,0,0,0,,0,0,,0,0,0,0,0,0,0,0,0,,0,0,0,0,0,,0,0,,0,0,0,0,0,0,0,0,0,0,,0,0,0,0,0,,0,0,0,,0,0,0,0,,0,0,0,0,0,0,0,0,0,0,0,0,0,0,0,14226,0,0,0,0,0,0,0
11B188,19,40399,3,1,0,1,3,221,1,73,2,6,1,1,1,2,1,1,2,1,0,0,,0,0,0,0,0,0,,0,0,0,0,0,,3,3,,1,1,2,2,2,2,2,2,2,,3,150,2,1,1,,3,3,,1,1,2,2,1,3,36,2,1,1,,0,0,0,1,3,,60,2,0,,2,4,1,0,,2,2,2,2,2,2,2,0,2,0,1,2,1,1,1,15283,1,3,1,0,2,2,1
12B188,19,40404,1,1,0,1,3,221,2,78,3,3,7,1,1,1,2,2,2,2,1,5,,2,2,1,2,2,2,,3,400,2,1,1,,0,0,,0,0,0,0,0,0,0,0,0,,0,0,0,0,0,,0,0,,0,0,0,0,0,0,0,0,0,0,,0,0,0,0,0,,120,2,0,,2,4,1,0,,2,2,2,2,2,1,1,1,1,1,1,1,1,1,2,8730,1,1,1,2,0,0,1
12B188,19,40404,4,1,0,2,3,221,1,29,7,5,1,1,1,2,2,2,2,1,0,0,,0,0,0,0,0,0,,0,0,0,0,0,,0,0,,0,0,0,0,0,0,0,0,0,,0,0,0,0,0,,0,0,,0,0,0,0,0,0,0,0,0,0,,0,0,0,1,3,,30,1,5,,2,3,1,0,,2,2,2,2,1,1,1,2,1,1,1,1,1,1,1,16964,1,3,1,0,0,0,2
12B188,19,40404,2,1,0,2,3,221,2,73,3,3,7,1,2,2,2,1,2,2,0,0,,0,0,0,0,0,0,,0,0,0,0,0,,0,0,,0,0,0,0,0,0,0,0,0,,0,0,0,0,0,,6,3,,2,2,1,1,2,2,0,2,1,1,,0,0,0,0,0,,20,2,0,,2,2,2,0,,2,2,2,2,2,1,1,1,1,1,1,2,1,3,3,17461,3,3,1,0,0,2,1
11B188,19,40405,4,1,0,2,3,221,2,46,2,6,1,1,2,2,2,2,2,2,0,0,,0,0,0,0,0,0,,0,0,0,0,0,,0,0,,0,0,0,0,0,0,0,0,0,,0,0,0,0,0,,0,0,,0,0,0,0,0,0,0,0,0,0,,0,0,0,0,0,,0,0,0,,0,0,0,2,,2,2,2,2,2,2,2,0,2,0,1,2,2,2,2,14971,4,4,2,0,0,0,2
11B188,19,40405,3,1,0,1,3,221,2,63,2,6,7,1,1,2,2,2,2,2,0,0,,0,0,0,0,0,0,,0,0,0,0,0,,0,0,,0,0,0,0,0,0,0,0,0,,0,0,0,0,0,,0,0,,0,0,0,0,0,0,0,0,0,0,,0,0,0,0,0,,0,0,0,,0,0,0,2,,2,2,2,2,2,2,2,0,3,0,1,2,2,2,2,32314,2,4,2,0,0,0,2
11B188,19,40405,2,1,0,1,3,221,1,62,3,2,3,1,2,1,2,2,2,2,1,4,,1,2,2,2,2,2,,2,0,2,1,1,,0,0,,0,0,0,0,0,0,0,0,0,,0,0,0,0,0,,0,0,,0,0,0,0,0,0,0,0,0,0,,0,0,0,0,0,,30,2,0,,2,4,1,0,,2,2,2,2,2,2,2,0,2,0,1,1,1,1,1,15994,3,1,1,2,0,0,1
11B188,19,40405,1,1,0,2,3,221,2,32,7,5,1,1,2,2,2,2,2,1,0,0,,0,0,0,0,0,0,,0,0,0,0,0,,0,0,,0,0,0,0,0,0,0,0,0,,0,0,0,0,0,,0,0,,0,0,0,0,0,0,0,0,0,0,,0,0,0,5,4,,20,2,0,,2,3,2,0,,2,2,2,2,2,2,2,0,2,0,1,1,1,1,1,15559,3,3,1,0,0,0,2
11B188,19,40406,4,1,0,4,3,221,1,22,7,1,1,1,2,1,2,2,2,1,6,2,,2,1,2,2,2,2,,3,600,2,1,2,,0,0,,0,0,0,0,0,0,0,0,0,,0,0,0,0,0,,0,0,,0,0,0,0,0,0,0,0,0,0,,0,0,0,2,2,,30,1,7,ESCRIBIR,3,3,1,0,,2,2,2,2,2,2,2,0,1,1,1,2,1,2,2,38010,3,2,1,2,0,0,1
11B188,19,40406,1,1,0,1,3,221,1,43,3,3,1,1,2,2,2,2,2,1,0,0,,0,0,0,0,0,0,,0,0,0,0,0,,0,0,,0,0,0,0,0,0,0,0,0,,0,0,0,0,0,,0,0,,0,0,0,0,0,0,0,0,0,0,,0,0,0,5,1,,20,2,0,,2,2,2,0,,2,2,2,2,1,2,1,2,2,0,1,3,1,1,1,21152,3,3,1,0,0,0,2
11B188,19,40406,2,1,1,3,3,221,1,18,99, ,1,1,1,1,1,2,2,2,4,4,,2,2,2,1,2,2,,2,0,2,1,1,,2,4,,1,2,2,2,2,2,2,2,2,,2,0,2,1,1,,0,0,,0,0,0,0,0,0,0,0,0,0,,0,0,0,0,0,,20,1,5,,2,2,2,0,,2,2,2,2,2,1,1,2,2,0,1,2,1,1,1,15205,1,2,1,2,2,0,1
12B195,19,40436,1,1,0,3,3,221,2,20,3,3,4,1,2,2,2,2,2,2,0,0,,0,0,0,0,0,0,,0,0,0,0,0,,0,0,,0,0,0,0,0,0,0,0,0,,0,0,0,0,0,,0,0,,0,0,0,0,0,0,0,0,0,0,,0,0,0,0,0,,0,0,0,,0,0,0,1,,2,2,2,2,1,1,1,2,2,0,1,2,1,1,1,30674,4,4,2,0,0,0,2
12B195,19,40436,4,1,0,1,3,221,1,30,6,3,1,1,1,1,1,1,2,1,2,4,,2,2,2,2,1,2,,2,0,2,1,2,,5,4,,1,2,2,2,2,2,1,2,2,,2,0,2,1,2,,7,3,,1,1,1,1,1,2,0,2,1,2,,0,0,0,5,3,,20,2,0,,2,4,2,0,,1,1,2,2,1,1,1,2,1,2,1,1,1,1,1,34180,1,2,1,2,2,2,1
12B195,19,40436,2,1,0,1,3,221,2,52,6,3,1,1,1,1,1,1,2,1,2,3,,2,2,1,2,2,2,,3,300,2,1,1,,4,4,,2,2,1,1,2,2,2,2,2,,1,0,1,2,1,,6,3,,2,1,1,1,1,3,120,2,1,1,,0,0,0,5,4,,60,2,0,,2,3,1,0,,2,2,2,2,1,1,1,1,2,0,1,1,1,1,1,6915,1,2,1,2,1,2,1
11B195,19,40441,1,1,0,3,3,221,2,18,4,2,1,1,1,1,1,1,2,1,1,4,,2,1,2,2,2,2,,2,0,2,1,1,,1,4,,2,2,2,2,2,2,2,1,2,,2,0,2,1,1,,1,3,,1,1,1,1,1,3,30,2,1,1,,0,0,0,1,4,,45,2,0,,2,3,2,0,,2,2,2,2,1,1,1,2,1,1,1,1,1,1,1,25703,1,2,1,2,2,2,1
11B195,19,40441,4,1,0,2,3,221,1,20,4,2,4,1,2,1,2,1,1,2,1,4,,2,2,2,1,2,2,,2,0,2,1,1,,0,0,,0,0,0,0,0,0,0,0,0,,0,0,0,0,0,,1,3,,2,1,1,1,2,3,10,2,1,1,,3,2,1,0,0,,20,2,0,,2,3,2,0,,2,2,2,2,2,1,1,1,2,0,1,1,1,1,1,29630,3,2,1,2,0,2,1
11B195,19,40441,3,1,0,2,3,221,2,21,4,1,1,1,1,1,2,2,1,1,6,4,,2,2,1,1,2,2,,1,0,1,2,1,,0,0,,0,0,0,0,0,0,0,0,0,,0,0,0,0,0,,0,0,,0,0,0,0,0,0,0,0,0,0,,2,1,2,1,3,,120,1,5,,4,3,2,0,,1,2,1,1,2,1,2,0,1,1,1,1,1,1,1,17135,1,2,1,1,0,0,1
11B195,19,40444,2,1,0,1,3,221,1,39,4,3,1,1,1,1,2,2,2,2,3,3,,2,2,1,2,2,2,,2,0,2,1,1,,0,0,,0,0,0,0,0,0,0,0,0,,0,0,0,0,0,,0,0,,0,0,0,0,0,0,0,0,0,0,,0,0,0,0,0,,90,2,0,,3,3,1,0,,2,2,2,2,2,1,2,0,2,0,1,1,1,1,1,12340,1,1,1,2,0,0,1
11B195,19,40444,1,1,0,1,3,221,2,41,6,3,1,1,1,1,2,2,2,1,6,2,,2,2,1,2,2,2,,3,1000,2,1,2,,0,0,,0,0,0,0,0,0,0,0,0,,0,0,0,0,0,,0,0,,0,0,0,0,0,0,0,0,0,0,,0,0,0,2,3,,30,2,0,,3,3,1,0,,1,1,2,2,1,1,2,0,1,1,1,1,1,1,1,5567,1,2,1,2,0,0,1
11B195,19,40444,4,1,0,1,3,221,1,22,4,1,1,1,2,1,1,2,2,2,1,6,LEYÓ UN CUENTO PARA LA TAREA DEL NIÑO,2,2,2,1,2,2,,1,0,1,2,1,,1,4,,2,2,2,1,2,2,2,2,2,,2,0,2,1,1,,0,0,,0,0,0,0,0,0,0,0,0,0,,0,0,0,0,0,,15,2,0,,4,4,1,0,,1,2,2,2,2,1,1,2,1,1,1,2,2,2,2,13306,3,2,1,1,2,0,1
11B195,19,40444,3,1,0,1,3,221,1,39,3,3,1,1,1,1,1,1,2,2,3,4,,2,2,1,2,1,2,,3,1000,2,1,1,,2,4,,1,1,2,2,2,2,2,2,2,,2,0,2,1,1,,1,3,,2,1,1,1,1,3,10,2,1,2,,0,0,0,0,0,,60,2,0,,2,2,2,0,,2,2,2,2,1,1,1,1,1,1,1,1,1,1,1,18510,1,2,1,2,2,2,1
13A191,19,40450,2,1,0,1,3,221,1,62,3,3,8,1,1,2,2,1,2,1,0,0,,0,0,0,0,0,0,,0,0,0,0,0,,0,0,,0,0,0,0,0,0,0,0,0,,0,0,0,0,0,,1,4,,1,1,1,1,1,2,0,2,1,1,,0,0,0,5,3,,30,2,0,,2,2,1,0,,2,2,2,2,2,2,2,0,2,0,1,2,1,1,1,25378,1,3,1,0,0,2,1
13A191,19,40450,3,1,0,5,3,221,1,37,6,3,1,1,2,2,2,2,2,1,0,0,,0,0,0,0,0,0,,0,0,0,0,0,,0,0,,0,0,0,0,0,0,0,0,0,,0,0,0,0,0,,0,0,,0,0,0,0,0,0,0,0,0,0,,0,0,0,2,4,,15,1,4,,2,3,2,0,,2,2,2,2,2,1,2,0,1,1,1,1,1,1,1,18777,3,3,1,0,0,0,2
13A191,19,40450,4,1,0,2,3,221,2,33,7,5,1,1,1,1,1,2,2,1,1,4,,2,2,2,1,2,2,,2,0,2,1,1,,2,4,,2,2,2,1,2,2,2,1,2,,3,100,2,1,1,,0,0,,0,0,0,0,0,0,0,0,0,0,,0,0,0,5,4,,20,2,0,,2,4,2,0,,1,2,2,2,1,1,1,2,1,1,1,1,1,1,1,16458,1,2,1,2,2,0,1
13A191,19,40450,1,1,0,2,3,221,1,42,6,3,4,1,2,2,2,1,2,2,0,0,,0,0,0,0,0,0,,0,0,0,0,0,,0,0,,0,0,0,0,0,0,0,0,0,,0,0,0,0,0,,1,4,,2,1,2,2,1,3,20,2,1,1,,0,0,0,0,0,,30,2,0,,2,4,2,0,,2,2,2,2,2,2,2,0,2,0,1,2,2,2,2,37553,3,3,1,0,0,2,1
12A191,19,40451,4,1,0,3,3,221,2,29,7,5,4,1,2,2,2,2,2,1,0,0,,0,0,0,0,0,0,,0,0,0,0,0,,0,0,,0,0,0,0,0,0,0,0,0,,0,0,0,0,0,,0,0,,0,0,0,0,0,0,0,0,0,0,,0,0,0,5,4,,15,2,0,,2,3,2,0,,2,2,2,2,1,1,1,1,1,1,1,1,1,1,1,26287,3,3,1,0,0,0,2
12A191,19,40451,3,1,0,2,3,221,2,54,7,5,7,1,1,1,2,2,2,1,2,4,,2,2,1,2,2,2,,2,0,2,1,1,,0,0,,0,0,0,0,0,0,0,0,0,,0,0,0,0,0,,0,0,,0,0,0,0,0,0,0,0,0,0,,0,0,0,1,4,,30,2,0,,2,2,1,0,,2,2,2,2,1,1,2,0,1,1,1,2,2,2,1,12648,1,2,1,2,0,0,1
12A191,19,40451,2,1,0,1,3,221,1,58,7,5,1,1,1,2,1,1,2,2,0,0,,0,0,0,0,0,0,,0,0,0,0,0,,2,4,,2,2,1,2,2,2,1,2,2,,3,30,2,1,1,,2,4,,2,2,2,2,2,2,0,2,1,1,,0,0,0,0,0,,15,2,0,,2,2,1,0,,2,2,2,2,2,1,1,1,1,1,1,1,1,1,1,20266,1,3,1,0,2,2,1
13B195,19,40483,2,1,0,2,3,221,2,72,2,6,7,1,1,1,2,2,2,1,4,5,,2,2,1,2,2,2,,2,0,2,1,1,,0,0,,0,0,0,0,0,0,0,0,0,,0,0,0,0,0,,0,0,,0,0,0,0,0,0,0,0,0,0,,0,0,0,5,5,,30,2,0,,1,1,2,0,,2,2,2,2,2,2,2,0,2,0,1,2,2,2,2,32314,1,2,1,2,0,0,1
13B195,19,40483,3,1,0,2,3,221,2,48,4,2,1,1,2,2,1,2,2,1,0,0,,0,0,0,0,0,0,,0,0,0,0,0,,1,4,,2,2,2,2,2,2,2,1,2,,2,0,2,1,1,,0,0,,0,0,0,0,0,0,0,0,0,0,,0,0,0,5,4,,10,1,3,,1,2,2,0,,2,2,2,2,2,1,2,0,1,1,1,1,1,1,1,33874,3,3,1,0,2,0,1
13B195,19,40483,4,1,0,2,3,221,2,53,7,4,1,1,1,1,2,2,2,1,5,1,,1,2,1,2,2,2,,1,0,1,2,1,,0,0,,0,0,0,0,0,0,0,0,0,,0,0,0,0,0,,0,0,,0,0,0,0,0,0,0,0,0,0,,0,0,0,2,1,,120,2,0,,3,3,1,0,,2,2,2,2,1,2,2,0,1,1,1,1,1,1,1,33874,1,2,1,1,0,0,1
13B195,19,40483,1,1,0,2,3,221,1,22,4,2,1,1,1,1,2,2,1,2,8,4,,2,2,2,1,2,2,,3,600,2,1,1,,0,0,,0,0,0,0,0,0,0,0,0,,0,0,0,0,0,,0,0,,0,0,0,0,0,0,0,0,0,0,,5,1,2,0,0,,120,1,5,,3,4,1,0,,1,1,2,1,2,1,2,0,2,0,1,2,1,1,2,21653,1,2,1,2,0,0,1
12B195,19,40484,3,1,0,2,3,221,2,51,6,3,1,1,2,2,1,2,2,2,0,0,,0,0,0,0,0,0,,0,0,0,0,0,,2,4,,2,2,1,2,2,2,2,1,2,,2,0,1,1,1,,0,0,,0,0,0,0,0,0,0,0,0,0,,0,0,0,0,0,,15,2,0,,2,4,2,0,,2,2,2,2,2,1,2,0,1,1,1,1,1,1,1,14681,3,3,1,0,3,0,1
12B195,19,40484,1,1,0,2,3,221,2,51,3,3,4,1,2,2,2,2,2,2,0,0,,0,0,0,0,0,0,,0,0,0,0,0,,0,0,,0,0,0,0,0,0,0,0,0,,0,0,0,0,0,,0,0,,0,0,0,0,0,0,0,0,0,0,,0,0,0,0,0,,0,0,0,,0,0,0,2,,2,2,2,2,2,2,2,0,2,0,1,1,1,1,1,14681,4,4,2,0,0,0,2
12B195,19,40484,2,1,0,1,3,221,1,47,3,3,1,1,1,2,1,1,2,2,0,0,,0,0,0,0,0,0,,0,0,0,0,0,,2,4,,2,2,2,1,2,2,2,1,2,,2,0,2,1,1,,1,4,,1,1,1,1,1,2,0,2,1,1,,0,0,0,0,0,,20,2,0,,2,4,2,0,,2,2,2,2,1,1,1,2,1,1,1,1,1,1,1,36385,1,3,1,0,2,2,1
12B195,19,40484,4,1,0,1,3,221,1,27,3,3,1,1,2,2,2,2,2,1,0,0,,0,0,0,0,0,0,,0,0,0,0,0,,0,0,,0,0,0,0,0,0,0,0,0,,0,0,0,0,0,,0,0,,0,0,0,0,0,0,0,0,0,0,,0,0,0,5,4,,15,2,0,,2,4,2,0,,2,2,2,2,2,2,2,0,2,0,1,1,1,1,1,18141,3,3,1,0,0,0,2
12B195,19,40487,3,1,0,2,3,221,1,20,7,1,1,1,2,2,1,1,2,2,0,0,,0,0,0,0,0,0,,0,0,0,0,0,,1,4,,1,2,2,2,2,2,2,2,2,,2,0,2,1,2,,3,4,,2,1,2,2,1,2,0,2,1,2,,0,0,0,0,0,,10,1,6,,1,3,1,0,,2,2,2,2,2,1,2,0,1,1,1,1,1,1,1,25147,3,3,1,0,2,2,1
12B195,19,40487,1,1,0,3,3,221,1,21,7,2,4,1,1,1,1,2,2,1,6,4,,1,2,2,1,2,2,,3,800,2,1,1,,3,4,,1,2,2,2,2,1,2,2,2,,3,200,2,1,1,,0,0,,0,0,0,0,0,0,0,0,0,0,,0,0,0,2,3,,60,1,5,,3,3,1,0,,1,2,2,2,2,1,2,0,1,5,1,1,1,1,1,62867,1,2,1,2,2,0,1
12B195,19,40487,2,1,0,2,3,221,2,43,6,3,7,1,2,2,2,2,2,2,0,0,,0,0,0,0,0,0,,0,0,0,0,0,,0,0,,0,0,0,0,0,0,0,0,0,,0,0,0,0,0,,0,0,,0,0,0,0,0,0,0,0,0,0,,0,0,0,0,0,,0,0,0,,0,0,0,1,,2,2,2,2,2,1,2,0,2,0,1,2,2,2,2,21042,4,4,2,0,0,0,2
12B195,19,40487,4,1,0,3,3,221,2,22,7,4,1,1,1,1,1,2,2,1,1,4,,2,2,2,1,2,2,,2,0,2,1,1,,5,2,,2,2,2,2,2,2,2,2,1,RELACIONADAS CON SU ESCUELA DE MERCADOTECNIA,1,0,1,2,1,,0,0,,0,0,0,0,0,0,0,0,0,0,,0,0,0,2,2,,60,2,0,,2,3,1,0,,1,2,2,2,2,2,2,0,2,0,1,1,1,1,1,58169,1,2,1,2,1,0,1
11A191,19,40493,4,1,0,1,3,221,1,66,3,3,3,1,1,2,2,1,2,1,0,0,,0,0,0,0,0,0,,0,0,0,0,0,,0,0,,0,0,0,0,0,0,0,0,0,,0,0,0,0,0,,2,4,,2,1,2,1,1,3,30,2,1,1,,0,0,0,5,4,,60,2,0,,2,2,2,0,,2,2,2,2,2,2,2,0,2,0,1,2,1,1,2,15240,1,3,1,0,0,2,1
11A191,19,40493,1,1,0,1,3,221,1,39,3,3,1,1,1,1,2,1,1,1,3,4,,2,2,1,2,1,2,,3,120,2,1,2,,0,0,,0,0,0,0,0,0,0,0,0,,0,0,0,0,0,,5,3,,2,2,2,2,1,3,50,2,1,2,,2,2,1,2,3,,60,1,6,,2,4,1,0,,1,1,2,1,1,1,1,2,1,2,1,1,1,1,1,33059,1,2,1,2,0,2,1
11A191,19,40493,3,1,0,1,3,221,1,62,2,3,1,1,2,2,2,2,2,2,0,0,,0,0,0,0,0,0,,0,0,0,0,0,,0,0,,0,0,0,0,0,0,0,0,0,,0,0,0,0,0,,0,0,,0,0,0,0,0,0,0,0,0,0,,0,0,0,0,0,,0,0,0,,0,0,0,1,,2,2,2,2,2,1,1,1,2,0,1,2,1,2,2,11914,4,4,2,0,0,0,2
11A191,19,40493,2,1,1,2,3,221,2,20,3,3,7,1,2,2,1,2,2,1,0,0,,0,0,0,0,0,0,,0,0,0,0,0,,1,4,,2,2,2,2,2,2,2,1,2,,2,0,2,1,1,,0,0,,0,0,0,0,0,0,0,0,0,0,,0,0,0,1,4,,10,2,0,,3,4,2,0,,2,2,2,2,2,1,2,0,2,0,1,2,1,1,1,16491,3,3,1,0,2,0,1
12A191,19,40498,4,1,0,1,3,221,1,56,7,3,1,1,1,2,2,1,2,1,0,0,,0,0,0,0,0,0,,0,0,0,0,0,,0,0,,0,0,0,0,0,0,0,0,0,,0,0,0,0,0,,2,4,,1,1,2,1,1,2,0,2,1,2,,0,0,0,5,4,,20,2,0,,4,4,2,0,,2,2,2,2,2,1,2,0,1,1,1,1,1,1,1,27770,1,3,1,0,0,2,1
12A191,19,40498,3,1,0,1,3,221,2,53,3,3,1,1,2,2,2,2,2,2,0,0,,0,0,0,0,0,0,,0,0,0,0,0,,0,0,,0,0,0,0,0,0,0,0,0,,0,0,0,0,0,,0,0,,0,0,0,0,0,0,0,0,0,0,,0,0,0,0,0,,0,0,0,,0,0,0,3,,2,2,2,2,2,2,2,0,1,1,1,1,1,1,1,19495,4,4,2,0,0,0,2
12A191,19,40498,1,1,0,3,3,221,2,21,4,2,6,1,1,1,2,2,2,1,3,2,,2,1,2,2,2,2,,1,0,1,2,1,,0,0,,0,0,0,0,0,0,0,0,0,,0,0,0,0,0,,0,0,,0,0,0,0,0,0,0,0,0,0,,0,0,0,1,4,,60,1,5,,4,4,1,0,,2,2,2,2,1,1,1,2,1,1,1,1,1,1,1,28826,1,2,1,1,0,0,1
11B195,19,40534,2,1,0,2,3,221,2,25,3,3,1,1,2,2,2,1,2,2,0,0,,0,0,0,0,0,0,,0,0,0,0,0,,0,0,,0,0,0,0,0,0,0,0,0,,0,0,0,0,0,,4,4,,2,2,1,2,1,2,0,2,1,2,,0,0,0,0,0,,20,2,0,,2,3,2,0,,2,2,2,2,2,1,2,0,2,0,1,1,1,1,1,13721,3,3,1,0,0,2,1
11B195,19,40534,4,1,0,3,3,221,1,19,4,3,1,1,1,1,2,1,2,1,3,4,,2,2,2,2,1,2,,3,240,2,1,1,,0,0,,0,0,0,0,0,0,0,0,0,,0,0,0,0,0,,2,4,,1,2,2,2,2,3,70,2,1,1,,0,0,0,2,4,,30,2,0,,2,3,1,0,,2,2,2,2,2,2,2,0,2,0,1,1,1,1,2,25319,1,2,1,2,0,2,1
11B195,19,40534,1,1,0,1,3,221,2,86,0, ,7,1,1,1,1,2,2,2,3,4,,2,2,1,2,2,2,,2,0,2,1,1,,3,3,,2,2,2,2,1,2,1,2,2,,2,0,2,1,1,,0,0,,0,0,0,0,0,0,0,0,0,0,,0,0,0,0,0,,60,1,1,,1,3,1,0,,2,2,2,2,2,2,2,0,2,0,2,0,0,0,0,8396,1,2,1,2,2,0,1
11B195,19,40534,3,1,0,1,3,221,1,65,3,3,8,1,1,1,1,1,2,2,3,4,,2,2,1,2,1,2,,2,0,2,1,1,,4,4,,2,1,2,2,2,2,1,2,2,,2,0,2,1,1,,1,4,,2,1,2,2,1,3,30,2,1,1,,0,0,0,0,0,,20,2,0,,1,3,2,0,,2,2,2,2,2,1,2,0,1,1,1,2,1,1,2,27063,1,2,1,2,2,2,1
12A191,19,40538,3,1,0,1,3,221,1,58,7,4,1,1,1,1,1,1,2,1,4,1,,1,2,2,2,1,2,,2,0,2,1,1,,3,1,,2,1,2,2,2,1,2,2,2,,1,0,1,2,1,,6,3,,1,1,2,2,1,3,200,2,1,1,,0,0,0,1,3,,45,1,7,ESCUCHAR LA TV,3,3,1,0,,2,2,2,2,2,1,1,2,1,1,1,2,1,1,1,48023,1,2,1,2,1,2,1
12A191,19,40544,2,1,0,2,3,221,2,38,4,3,1,1,1,2,1,1,2,1,0,0,,0,0,0,0,0,0,,0,0,0,0,0,,2,4,,2,2,1,2,2,2,2,1,2,,2,0,2,1,1,,1,4,,2,2,1,1,1,2,0,2,1,1,,0,0,0,2,4,,30,2,0,,2,4,2,0,,2,2,2,2,2,1,1,2,1,1,1,1,1,1,1,20636,1,3,1,0,2,2,1
12A191,19,40544,4,1,0,1,3,221,2,62,2,6,7,1,2,2,2,1,2,2,0,0,,0,0,0,0,0,0,,0,0,0,0,0,,0,0,,0,0,0,0,0,0,0,0,0,,0,0,0,0,0,,1,4,,1,2,2,2,1,3,25,2,1,1,,0,0,0,0,0,,20,2,0,,2,2,2,0,,2,2,2,2,2,1,2,0,2,0,1,2,1,3,3,34696,3,3,1,0,0,2,1
12A191,19,40544,1,1,0,4,3,221,1,37,7,3,4,1,1,2,1,2,2,1,0,0,,0,0,0,0,0,0,,0,0,0,0,0,,3,1,,2,1,1,2,2,1,2,2,2,,1,0,1,2,2,,0,0,,0,0,0,0,0,0,0,0,0,0,,0,0,0,4,2,,60,2,0,,4,4,1,0,,2,2,2,2,1,1,2,0,1,1,1,1,1,1,1,30496,1,3,1,0,1,0,1
12A191,19,40544,3,1,0,2,3,221,2,53,4,3,7,1,1,1,2,2,2,1,1,5,,2,2,1,2,2,2,,3,500,2,1,1,,0,0,,0,0,0,0,0,0,0,0,0,,0,0,0,0,0,,0,0,,0,0,0,0,0,0,0,0,0,0,,0,0,0,1,3,,40,2,0,,3,3,1,0,,2,2,2,2,1,1,1,1,1,1,1,2,1,1,1,19291,1,2,1,2,0,0,1
12B195,19,40578,3,1,0,1,3,221,2,59,6,3,1,1,1,2,2,2,2,2,0,0,,0,0,0,0,0,0,,0,0,0,0,0,,0,0,,0,0,0,0,0,0,0,0,0,,0,0,0,0,0,,0,0,,0,0,0,0,0,0,0,0,0,0,,0,0,0,0,0,,0,0,0,,0,0,0,3,,2,2,2,1,2,1,2,0,1,1,1,1,1,1,1,14553,2,4,2,0,0,0,2
12B195,19,40578,4,1,0,1,3,221,1,28,3,3,3,1,1,1,2,1,2,2,5,4,,2,1,1,2,2,2,,3,1200,2,1,1,,0,0,,0,0,0,0,0,0,0,0,0,,0,0,0,0,0,,3,3,,2,1,1,2,1,3,30,2,1,1,,0,0,0,0,0,,60,2,0,,2,3,2,0,,2,2,2,2,1,1,1,2,1,1,1,1,1,1,1,16664,1,2,1,2,0,2,1
12B195,19,40578,2,1,0,2,3,221,1,52,3,3,1,1,1,1,2,2,2,1,2,1,,2,2,1,2,2,2,,2,0,2,1,2,,0,0,,0,0,0,0,0,0,0,0,0,,0,0,0,0,0,,0,0,,0,0,0,0,0,0,0,0,0,0,,0,0,0,2,3,,5,2,0,,2,3,1,0,,2,2,2,2,1,1,1,1,2,0,1,1,1,1,1,25067,1,2,1,2,0,0,1
12B195,19,40578,1,1,0,1,3,221,2,28,4,3,1,1,1,1,1,1,2,1,3,4,,2,1,2,1,2,2,,2,0,1,1,2,,2,4,,2,2,2,2,2,1,2,2,2,,3,100,2,1,1,,7,4,,1,1,1,1,1,3,100,2,1,1,,0,0,0,1,1,,60,2,0,,3,4,1,0,,1,2,2,2,1,1,1,2,1,1,1,1,1,1,1,7007,1,2,1,3,2,2,1
11A191,19,40582,2,1,0,1,3,221,1,52,3,3,1,1,2,2,2,2,2,2,0,0,,0,0,0,0,0,0,,0,0,0,0,0,,0,0,,0,0,0,0,0,0,0,0,0,,0,0,0,0,0,,0,0,,0,0,0,0,0,0,0,0,0,0,,0,0,0,0,0,,0,0,0,,0,0,0,3,,2,2,2,2,2,1,2,0,2,0,1,1,1,1,1,6913,4,4,2,0,0,0,2
11A191,19,40582,3,1,1,2,3,221,2,25,4,2,7,1,1,1,2,2,1,2,2,3,,2,1,2,2,2,2,,2,0,2,1,1,,0,0,,0,0,0,0,0,0,0,0,0,,0,0,0,0,0,,0,0,,0,0,0,0,0,0,0,0,0,0,,1,1,1,0,0,,30,2,0,,2,3,1,0,,2,1,2,2,1,2,2,0,1,1,1,2,1,1,1,11596,1,2,1,2,0,0,1
11A191,19,40582,4,1,0,2,3,221,2,67,2,6,7,1,1,2,1,2,2,1,0,0,,0,0,0,0,0,0,,0,0,0,0,0,,3,4,,2,2,1,2,2,2,2,1,2,,3,120,2,1,1,,0,0,,0,0,0,0,0,0,0,0,0,0,,0,0,0,2,4,,30,2,0,,1,3,2,0,,2,2,2,1,2,2,2,0,2,0,1,2,1,2,2,14193,1,3,1,0,2,0,1
11A191,19,40582,1,1,0,4,3,221,1,19,7,1,1,1,2,2,2,2,2,1,0,0,,0,0,0,0,0,0,,0,0,0,0,0,,0,0,,0,0,0,0,0,0,0,0,0,,0,0,0,0,0,,0,0,,0,0,0,0,0,0,0,0,0,0,,0,0,0,2,2,,60,2,0,,3,3,2,0,,2,2,2,2,2,2,1,2,1,1,1,1,1,1,1,28530,3,3,1,0,0,0,2
11A191,19,40589,4,1,0,2,3,221,2,50,2,5,7,1,1,1,2,2,2,2,1,5,,2,2,1,2,2,2,,3,300,2,1,1,,0,0,,0,0,0,0,0,0,0,0,0,,0,0,0,0,0,,0,0,,0,0,0,0,0,0,0,0,0,0,,0,0,0,0,0,,30,2,0,,2,2,2,0,,2,2,2,2,2,2,2,0,2,0,1,2,1,1,2,39211,1,1,1,2,0,0,1
11A191,19,40589,1,1,1,1,3,221,1,42,4,2,1,1,1,1,2,2,2,2,1,4,,2,2,1,2,2,2,,2,0,2,1,1,,0,0,,0,0,0,0,0,0,0,0,0,,0,0,0,0,0,,0,0,,0,0,0,0,0,0,0,0,0,0,,0,0,0,0,0,,45,2,0,,2,2,2,0,,2,2,2,2,2,1,2,0,2,0,1,1,1,1,1,7749,1,1,1,2,0,0,1
11B196,20,40025,1,1,0,1,31,221,2,54,4,3,1,1,1,1,2,2,2,1,1,4,,2,2,1,2,2,2,,2,0,2,1,1,,0,0,,0,0,0,0,0,0,0,0,0,,0,0,0,0,0,,0,0,,0,0,0,0,0,0,0,0,0,0,,0,0,0,5,1,,30,2,0,,1,3,1,0,,2,2,2,2,2,1,2,0,1,1,1,2,1,1,2,5313,1,2,1,2,0,0,1
11B196,20,40025,2,1,0,2,31,221,2,62,7,5,3,1,1,1,1,2,1,1,2,1,,2,1,1,2,2,2,,1,0,1,2,1,,3,3,,2,2,2,2,2,1,2,2,2,,3,150,2,1,1,,0,0,,0,0,0,0,0,0,0,0,0,0,,5,2,1,2,1,,30,2,0,,2,3,1,0,,2,1,2,2,2,2,2,0,2,0,1,1,1,1,2,11466,1,2,1,1,2,0,1
11B196,20,40025,3,1,0,5,31,221,2,35,3,3,1,1,1,1,2,2,1,1,2,5,,2,2,1,2,2,2,,2,0,2,1,1,,0,0,,0,0,0,0,0,0,0,0,0,,0,0,0,0,0,,0,0,,0,0,0,0,0,0,0,0,0,0,,3,2,1,2,5,,20,2,0,,2,1,2,0,,2,2,2,2,2,2,2,0,2,0,1,1,1,1,2,34097,1,2,1,2,0,0,1
11B196,20,40025,4,1,0,2,31,221,2,30,8,3,1,1,1,1,2,2,2,1,1,4,,2,2,2,2,1,2,,1,0,1,2,1,,0,0,,0,0,0,0,0,0,0,0,0,,0,0,0,0,0,,0,0,,0,0,0,0,0,0,0,0,0,0,,0,0,0,5,1,,30,2,0,,2,4,2,0,,2,2,2,2,1,1,1,2,1,1,1,1,1,1,1,16562,1,2,1,1,0,0,1
13A192,20,40029,2,1,0,3,31,221,1,55,3,3,1,1,2,2,2,2,2,1,0,0,,0,0,0,0,0,0,,0,0,0,0,0,,0,0,,0,0,0,0,0,0,0,0,0,,0,0,0,0,0,,0,0,,0,0,0,0,0,0,0,0,0,0,,0,0,0,2,1,,60,2,0,,2,1,2,0,,2,2,2,2,2,1,1,1,1,1,1,2,2,1,1,24364,3,3,1,0,0,0,2
13A192,20,40029,3,1,0,1,31,221,1,27,4,3,1,1,1,1,2,2,2,1,3,4,,2,2,1,1,1,2,,3,900,2,1,1,,0,0,,0,0,0,0,0,0,0,0,0,,0,0,0,0,0,,0,0,,0,0,0,0,0,0,0,0,0,0,,0,0,0,2,1,,20,2,0,,2,3,1,0,,2,2,2,1,2,2,2,0,1,1,1,2,2,2,2,18788,1,2,1,2,0,0,1
13A192,20,40029,1,1,0,1,31,221,2,60,0, ,7,2,0,0,0,0,0,0,0,0,,0,0,0,0,0,0,,0,0,0,0,0,,0,0,,0,0,0,0,0,0,0,0,0,,0,0,0,0,0,,0,0,,0,0,0,0,0,0,0,0,0,0,,0,0,0,0,0,,0,0,0,,0,0,0,0,,0,0,0,0,0,0,0,0,0,0,0,0,0,0,0,16408,0,0,0,0,0,0,0
13A192,20,40029,4,1,0,1,31,221,1,49,7,4,1,1,1,1,2,2,2,2,3,3,,2,2,1,2,1,2,,3,800,2,1,1,,0,0,,0,0,0,0,0,0,0,0,0,,0,0,0,0,0,,0,0,,0,0,0,0,0,0,0,0,0,0,,0,0,0,0,0,,30,2,0,,3,2,1,0,,2,2,2,2,2,2,2,0,2,0,1,2,1,2,2,28261,1,1,1,2,0,0,1
11B193,20,40082,3,1,0,2,31,221,1,41,3,3,10,1,1,1,2,2,2,2,1,5,,1,2,2,2,2,2,,2,0,2,1,1,,0,0,,0,0,0,0,0,0,0,0,0,,0,0,0,0,0,,0,0,,0,0,0,0,0,0,0,0,0,0,,0,0,0,0,0,,30,2,0,,2,2,2,0,,2,2,2,2,2,2,2,0,2,0,1,2,2,2,2,18641,1,1,1,2,0,0,1
11B193,20,40082,4,1,0,2,31,221,2,51,3,3,1,1,1,1,1,2,2,2,2,4,,2,2,2,1,2,2,,2,0,2,1,1,,1,3,,2,2,2,2,2,1,2,2,2,,2,0,2,1,1,,0,0,,0,0,0,0,0,0,0,0,0,0,,0,0,0,0,0,,60,2,0,,3,3,1,0,,2,2,2,2,2,2,2,0,1,1,1,1,2,2,1,5241,1,2,1,2,2,0,1
11B193,20,40082,2,1,0,4,31,221,1,22,7,3,1,1,1,1,2,2,2,2,4,2,,2,1,2,2,2,2,,3,2000,2,1,1,,0,0,,0,0,0,0,0,0,0,0,0,,0,0,0,0,0,,0,0,,0,0,0,0,0,0,0,0,0,0,,0,0,0,0,0,,60,2,0,,3,3,1,0,,2,2,2,2,2,1,2,0,1,1,1,2,2,2,2,20100,1,1,1,2,0,0,1
11B193,20,40082,1,1,0,2,31,221,2,42,2,6,1,1,2,2,2,2,2,2,0,0,,0,0,0,0,0,0,,0,0,0,0,0,,0,0,,0,0,0,0,0,0,0,0,0,,0,0,0,0,0,,0,0,,0,0,0,0,0,0,0,0,0,0,,0,0,0,0,0,,0,0,0,,0,0,0,1,,2,2,2,2,2,2,2,0,2,0,1,3,1,3,3,16819,4,4,2,0,0,0,2
11B187,20,40091,4,1,0,1,31,221,2,33,2,6,1,1,2,2,2,2,2,2,0,0,,0,0,0,0,0,0,,0,0,0,0,0,,0,0,,0,0,0,0,0,0,0,0,0,,0,0,0,0,0,,0,0,,0,0,0,0,0,0,0,0,0,0,,0,0,0,0,0,,0,0,0,,0,0,0,3,,2,2,2,2,2,2,2,0,2,0,1,1,1,1,2,17129,4,4,2,0,0,0,2
11B187,20,40091,3,1,0,1,31,221,2,75,9,4,8,1,1,1,1,1,2,1,20,4,,2,1,1,1,1,2,,3,2500,1,1,1,,3,3,,2,1,2,2,2,1,2,2,2,,1,0,1,2,1,,2,3,,1,2,1,2,1,3,999999,1,2,1,,0,0,0,1,3,,120,1,3,,2,3,1,0,,2,2,2,2,1,1,1,1,1,4,1,1,1,1,1,20964,1,2,1,3,1,1,1
11B187,20,40091,2,1,0,2,31,221,2,41,4,3,7,1,1,1,1,2,2,1,4,4,,2,2,1,1,2,2,,3,95,2,1,1,,10,3,,2,2,1,2,1,2,2,2,2,,2,0,2,1,1,,0,0,,0,0,0,0,0,0,0,0,0,0,,0,0,0,2,6,PARA APOYO DE TREAS DE SU NIÑA,30,2,0,,3,3,1,0,,2,2,2,2,1,1,1,2,1,2,1,1,1,1,1,17632,1,2,1,2,2,0,1
11B187,20,40091,1,1,0,1,31,221,1,61,3,2,7,1,1,2,2,2,2,2,0,0,,0,0,0,0,0,0,,0,0,0,0,0,,0,0,,0,0,0,0,0,0,0,0,0,,0,0,0,0,0,,0,0,,0,0,0,0,0,0,0,0,0,0,,0,0,0,0,0,,0,0,0,,0,0,0,5,,2,2,2,2,2,1,2,0,2,0,1,1,2,2,2,8805,2,4,2,0,0,0,2
13B196,20,40151,3,1,0,2,31,221,2,27,4,3,1,1,1,1,1,2,2,2,1,3,,2,2,2,1,2,2,,2,0,2,1,1,,2,4,,1,1,2,2,2,2,2,2,2,,2,0,2,1,5,CONSULTORIO MÉDICO,0,0,,0,0,0,0,0,0,0,0,0,0,,0,0,0,0,0,,15,2,0,,2,3,1,0,,1,2,2,1,1,1,1,1,1,1,1,1,1,1,1,23046,1,2,1,2,2,0,1
13B196,20,40151,2,1,0,1,31,221,2,65,2,6,1,1,2,2,2,2,2,2,0,0,,0,0,0,0,0,0,,0,0,0,0,0,,0,0,,0,0,0,0,0,0,0,0,0,,0,0,0,0,0,,0,0,,0,0,0,0,0,0,0,0,0,0,,0,0,0,0,0,,0,0,0,,0,0,0,3,,2,2,2,2,2,2,2,0,2,0,1,2,2,2,2,28206,4,4,2,0,0,0,2
13B196,20,40151,1,1,0,1,31,221,2,53,7,4,1,1,1,1,2,1,2,1,8,1,,1,1,2,1,1,2,,1,0,1,2,1,,0,0,,0,0,0,0,0,0,0,0,0,,0,0,0,0,0,,4,3,,2,1,1,1,1,1,0,1,2,1,,0,0,0,1,1,,30,2,0,,3,3,1,0,,2,2,2,2,1,1,1,2,1,1,1,1,1,1,1,7392,1,2,1,1,0,1,1
13B196,20,40151,4,1,0,2,31,221,2,44,4,3,1,1,1,1,1,1,2,1,3,3,,2,2,2,1,2,2,,2,0,2,1,1,,4,4,,2,2,1,2,2,2,2,2,2,,2,0,2,1,1,,3,3,,2,1,1,1,2,2,0,2,1,1,,0,0,0,5,4,,60,2,0,,3,4,2,0,,2,2,2,2,1,1,1,1,2,0,1,1,1,1,1,15816,1,2,1,2,2,2,1
11A192,20,40158,4,1,0,2,31,221,2,46,3,3,3,1,1,2,2,2,2,1,0,0,,0,0,0,0,0,0,,0,0,0,0,0,,0,0,,0,0,0,0,0,0,0,0,0,,0,0,0,0,0,,0,0,,0,0,0,0,0,0,0,0,0,0,,0,0,0,3,1,,10,2,0,,1,1,2,0,,2,2,2,2,1,1,1,1,1,6,1,2,1,1,1,11374,1,3,1,0,0,0,2
11A192,20,40158,3,1,0,1,31,221,1,71,7,5,8,1,1,1,2,2,2,2,2,6,SUPERACIÓN PERSONAL,2,2,1,2,1,2,,3,400,2,1,1,,0,0,,0,0,0,0,0,0,0,0,0,,0,0,0,0,0,,0,0,,0,0,0,0,0,0,0,0,0,0,,0,0,0,0,0,,30,2,0,,2,3,1,0,,2,2,2,2,1,1,1,2,1,1,1,1,1,1,1,10362,1,1,1,2,0,0,1
11A192,20,40158,2,1,0,1,31,221,1,62,7,4,8,1,1,2,1,2,2,2,0,0,,0,0,0,0,0,0,,0,0,0,0,0,,3,4,,2,2,2,2,2,1,2,2,2,,2,0,2,1,1,,0,0,,0,0,0,0,0,0,0,0,0,0,,0,0,0,0,0,,60,2,0,,4,3,1,0,,2,2,2,1,2,1,2,0,1,4,1,2,2,2,2,12151,1,3,1,0,2,0,1
12B194,20,40177,4,1,0,1,31,221,1,55,7,5,1,1,1,1,2,2,2,1,1,5,,2,2,1,2,2,2,,3,400,2,1,1,,0,0,,0,0,0,0,0,0,0,0,0,,0,0,0,0,0,,0,0,,0,0,0,0,0,0,0,0,0,0,,0,0,0,1,3,,30,2,0,,3,3,2,0,,2,2,2,2,1,1,1,1,1,1,1,1,1,1,1,26020,1,2,1,2,0,0,1
12B194,20,40177,1,1,0,4,31,221,2,20,7,1,1,1,1,1,2,2,2,1,1,4,,2,2,2,2,1,2,,1,0,1,2,1,,0,0,,0,0,0,0,0,0,0,0,0,,0,0,0,0,0,,0,0,,0,0,0,0,0,0,0,0,0,0,,0,0,0,2,4,,15,2,0,,2,2,1,0,,2,2,2,2,2,2,2,0,1,2,1,1,1,1,2,36013,1,2,1,1,0,0,1
12B194,20,40177,3,1,0,1,31,221,2,65,3,3,1,1,1,2,2,2,2,1,0,0,,0,0,0,0,0,0,,0,0,0,0,0,,0,0,,0,0,0,0,0,0,0,0,0,,0,0,0,0,0,,0,0,,0,0,0,0,0,0,0,0,0,0,,0,0,0,5,3,,10,1,3,,2,2,2,0,,2,2,2,2,2,2,2,0,2,0,1,2,1,2,1,7745,1,3,1,0,0,0,2
12B194,20,40177,2,1,0,1,31,221,2,52,8,2,1,1,1,1,1,1,2,1,15,4,,1,1,2,1,2,2,,3,600,1,1,1,,6,4,,2,2,2,1,2,2,2,1,2,,3,200,1,1,1,,5,3,,1,2,1,2,1,1,0,1,2,1,,0,0,0,1,1,,180,2,0,,3,3,1,0,,2,2,2,2,2,1,2,0,1,3,1,2,2,2,2,18267,1,2,1,3,3,1,1
11B194,20,40275,2,1,0,1,31,221,1,45,3,3,1,1,1,2,1,2,2,2,0,0,,0,0,0,0,0,0,,0,0,0,0,0,,2,6,PARA APOYO DE TAREAS DE SU NIÑO,2,2,1,2,2,2,2,2,2,,2,0,2,1,1,,0,0,,0,0,0,0,0,0,0,0,0,0,,0,0,0,0,0,,10,2,0,,4,3,1,0,,2,2,2,2,1,2,1,2,2,0,1,1,1,1,1,13905,1,3,1,0,2,0,1
11B194,20,40275,4,1,0,1,31,221,2,57,7,2,1,1,1,2,2,2,2,2,0,0,,0,0,0,0,0,0,,0,0,0,0,0,,0,0,,0,0,0,0,0,0,0,0,0,,0,0,0,0,0,,0,0,,0,0,0,0,0,0,0,0,0,0,,0,0,0,0,0,,0,0,0,,0,0,0,2,,2,2,2,2,2,2,2,0,2,0,1,1,1,2,2,12110,2,4,2,0,0,0,2
11B194,20,40275,1,1,0,1,31,221,1,59,2,6,1,1,2,2,2,2,2,2,0,0,,0,0,0,0,0,0,,0,0,0,0,0,,0,0,,0,0,0,0,0,0,0,0,0,,0,0,0,0,0,,0,0,,0,0,0,0,0,0,0,0,0,0,,0,0,0,0,0,,0,0,0,,0,0,0,2,,2,2,2,2,2,2,2,0,2,0,1,1,2,2,2,5994,4,4,2,0,0,0,2
11B194,20,40275,3,1,0,1,31,221,1,48,4,3,1,1,1,2,1,1,2,2,0,0,,0,0,0,0,0,0,,0,0,0,0,0,,14,4,,1,1,1,2,2,2,1,2,2,,2,0,2,1,2,,7,3,,1,1,2,1,2,2,0,2,1,2,,0,0,0,0,0,,30,1,6,,2,2,2,0,,2,2,2,2,2,1,2,0,3,0,1,1,1,1,1,13905,1,3,1,0,2,2,1
12B188,20,40279,2,1,0,4,31,221,1,19,3,2,1,1,1,2,1,2,2,1,0,0,,0,0,0,0,0,0,,0,0,0,0,0,,10,1,,1,2,2,2,2,2,2,2,2,,3,300,2,1,1,,0,0,,0,0,0,0,0,0,0,0,0,0,,0,0,0,2,1,,60,1,5,,2,2,1,0,,2,1,2,2,1,1,1,1,1,3,1,1,1,1,1,35184,1,3,1,0,2,0,1
12B188,20,40279,1,1,0,3,31,221,2,53,7,4,7,1,2,2,2,2,2,2,0,0,,0,0,0,0,0,0,,0,0,0,0,0,,0,0,,0,0,0,0,0,0,0,0,0,,0,0,0,0,0,,0,0,,0,0,0,0,0,0,0,0,0,0,,0,0,0,0,0,,0,0,0,,0,0,0,1,,2,2,2,2,1,1,1,2,1,2,1,3,2,2,2,22017,4,4,2,0,0,0,2
12B188,20,40279,3,1,0,1,31,221,1,67,7,5,1,1,1,1,2,1,2,1,3,4,,2,2,2,1,2,2,,3,500,1,2,1,,0,0,,0,0,0,0,0,0,0,0,0,,0,0,0,0,0,,7,3,,1,1,1,2,1,1,0,1,2,1,,0,0,0,1,4,,90,1,3,,2,3,1,0,,2,2,2,2,1,1,1,1,1,5,1,1,1,1,1,30086,1,2,1,1,0,1,1
11B188,20,40282,3,1,0,2,31,221,2,31,2,6,1,1,1,2,2,2,2,2,0,0,,0,0,0,0,0,0,,0,0,0,0,0,,0,0,,0,0,0,0,0,0,0,0,0,,0,0,0,0,0,,0,0,,0,0,0,0,0,0,0,0,0,0,,0,0,0,0,0,,0,0,0,,0,0,0,3,,2,2,2,2,2,2,2,0,2,0,1,2,1,2,2,12952,2,4,2,0,0,0,2
11B188,20,40282,1,1,0,2,31,221,2,40,3,3,1,1,1,2,2,2,2,1,0,0,,0,0,0,0,0,0,,0,0,0,0,0,,0,0,,0,0,0,0,0,0,0,0,0,,0,0,0,0,0,,0,0,,0,0,0,0,0,0,0,0,0,0,,0,0,0,1,4,,10,2,0,,1,2,1,0,,2,2,2,2,2,2,2,0,1,3,1,2,1,1,1,19998,1,3,1,0,0,0,2
11B188,20,40282,2,1,0,2,31,221,2,53,3,3,7,1,1,1,2,2,2,2,4,4,,2,2,1,2,1,2,,2,0,2,1,1,,0,0,,0,0,0,0,0,0,0,0,0,,0,0,0,0,0,,0,0,,0,0,0,0,0,0,0,0,0,0,,0,0,0,0,0,,30,2,0,,2,2,1,0,,2,2,2,2,2,2,2,0,2,0,1,2,2,2,2,12464,1,1,1,2,0,0,1
11B188,20,40282,4,1,0,2,31,221,2,36,7,4,1,1,2,2,1,1,2,1,0,0,,0,0,0,0,0,0,,0,0,0,0,0,,4,3,,2,2,1,1,2,1,2,2,2,,2,0,1,2,1,,1,4,,2,1,1,1,1,2,0,2,1,5,EN LA PARADA DEL CAMIÓN,0,0,0,2,4,,10,1,7,VER TELEVISIÓN,2,3,2,0,,2,2,2,2,1,1,1,2,1,5,1,1,1,2,2,26664,3,3,1,0,1,2,1
12A191,20,40312,1,1,0,1,31,221,1,57,4,3,3,1,1,1,1,2,2,2,1,4,,2,2,1,2,2,2,,3,250,2,1,1,,1,3,,2,2,2,1,2,2,2,2,2,,3,110,2,1,1,,0,0,,0,0,0,0,0,0,0,0,0,0,,0,0,0,0,0,,30,2,0,,2,3,1,0,,2,2,2,2,2,2,2,0,1,5,1,2,2,2,1,8003,1,2,1,2,2,0,1
12A191,20,40312,4,1,0,3,31,221,1,20,4,3,1,1,2,1,1,2,2,1,5,2,,2,1,2,2,2,2,,1,0,1,2,1,,1,4,,1,2,2,2,2,2,2,2,2,,2,0,2,1,1,,0,0,,0,0,0,0,0,0,0,0,0,0,,0,0,0,2,4,,60,2,0,,2,3,2,0,,2,2,2,2,1,1,2,0,1,1,1,1,2,1,2,28734,3,2,1,1,2,0,1
12A191,20,40312,3,1,0,1,31,221,2,70,6,2,7,1,2,2,2,2,2,2,0,0,,0,0,0,0,0,0,,0,0,0,0,0,,0,0,,0,0,0,0,0,0,0,0,0,,0,0,0,0,0,,0,0,,0,0,0,0,0,0,0,0,0,0,,0,0,0,0,0,,0,0,0,,0,0,0,5,,2,2,2,2,2,2,2,0,2,0,1,2,2,2,2,19058,4,4,2,0,0,0,2
12B195,20,40373,1,1,0,2,31,221,2,37,7,5,7,1,1,1,1,2,2,1,1,4,,2,1,2,2,2,2,,2,0,2,1,1,,1,4,,2,2,1,2,2,2,2,2,2,,1,0,1,2,1,,0,0,,0,0,0,0,0,0,0,0,0,0,,0,0,0,5,3,,60,2,0,,2,2,2,0,,2,2,2,2,1,1,2,0,1,1,1,1,1,1,1,9294,1,2,1,2,1,0,1
12B195,20,40373,3,1,0,1,31,221,1,80,2,3,8,1,2,2,2,2,2,2,0,0,,0,0,0,0,0,0,,0,0,0,0,0,,0,0,,0,0,0,0,0,0,0,0,0,,0,0,0,0,0,,0,0,,0,0,0,0,0,0,0,0,0,0,,0,0,0,0,0,,0,0,0,,0,0,0,5,,2,2,2,2,2,2,2,0,2,0,1,2,2,2,2,5935,4,4,2,0,0,0,2
12B195,20,40373,4,1,0,1,31,221,2,78,0, ,1,1,1,1,2,2,2,2,1,4,,2,2,2,1,2,2,,2,0,2,1,1,,0,0,,0,0,0,0,0,0,0,0,0,,0,0,0,0,0,,0,0,,0,0,0,0,0,0,0,0,0,0,,0,0,0,0,0,,30,2,0,,1,1,2,0,,2,2,2,2,3,3,3,0,2,0,2,0,0,0,0,11050,1,1,1,2,0,0,1
12B195,20,40373,2,1,0,2,31,221,2,21,4,3,1,1,2,2,2,2,2,2,0,0,,0,0,0,0,0,0,,0,0,0,0,0,,0,0,,0,0,0,0,0,0,0,0,0,,0,0,0,0,0,,0,0,,0,0,0,0,0,0,0,0,0,0,,0,0,0,0,0,,0,0,0,,0,0,0,4,,1,2,2,2,2,1,2,0,1,1,1,2,1,1,1,12846,4,4,2,0,0,0,2
12B193,21,40019,2,1,0,5,4,221,1,58,3,3,9,1,1,2,2,1,2,2,0,0,,0,0,0,0,0,0,,0,0,0,0,0,,0,0,,0,0,0,0,0,0,0,0,0,,0,0,0,0,0,,1,4,,1,1,1,1,1,2,0,2,1,1,,0,0,0,0,0,,30,2,0,,2,3,2,0,,2,2,2,2,2,1,2,0,1,1,1,2,1,1,3,20875,1,3,1,0,0,2,1
12B193,21,40019,4,1,0,1,4,221,1,68,2,6,1,1,1,2,2,1,2,2,0,0,,0,0,0,0,0,0,,0,0,0,0,0,,0,0,,0,0,0,0,0,0,0,0,0,,0,0,0,0,0,,5,4,,1,1,1,1,1,3,60,2,1,2,,0,0,0,0,0,,25,1,6,,2,3,2,0,,2,1,2,2,2,2,2,0,1,1,1,1,1,1,1,26701,1,3,1,0,0,2,1
12B193,21,40019,3,1,0,1,4,221,2,74,2,2,7,1,2,2,2,2,2,2,0,0,,0,0,0,0,0,0,,0,0,0,0,0,,0,0,,0,0,0,0,0,0,0,0,0,,0,0,0,0,0,,0,0,,0,0,0,0,0,0,0,0,0,0,,0,0,0,0,0,,0,0,0,,0,0,0,1,,2,2,2,2,2,2,2,0,2,0,1,3,1,1,2,16569,4,4,2,0,0,0,2
12B193,21,40019,1,1,0,1,4,221,2,28,4,3,1,1,1,1,2,2,2,1,1,4,,2,2,2,1,2,2,,2,0,2,1,1,,0,0,,0,0,0,0,0,0,0,0,0,,0,0,0,0,0,,0,0,,0,0,0,0,0,0,0,0,0,0,,0,0,0,1,4,,40,2,0,,2,3,2,0,,2,2,2,2,2,1,1,2,1,1,1,1,1,1,1,6769,1,2,1,2,0,0,1
12A192,21,40046,2,1,0,3,4,221,1,23,7,3,6,1,1,1,2,2,2,1,2,2,,2,1,2,2,1,2,,1,0,1,2,1,,0,0,,0,0,0,0,0,0,0,0,0,,0,0,0,0,0,,0,0,,0,0,0,0,0,0,0,0,0,0,,0,0,0,2,2,,40,2,0,,3,3,1,0,,2,2,2,2,1,1,1,2,1,1,1,1,1,1,1,55603,1,2,1,1,0,0,1
12A192,21,40046,4,1,1,1,4,221,2,43,7,5,1,1,2,2,2,2,2,2,0,0,,0,0,0,0,0,0,,0,0,0,0,0,,0,0,,0,0,0,0,0,0,0,0,0,,0,0,0,0,0,,0,0,,0,0,0,0,0,0,0,0,0,0,,0,0,0,0,0,,0,0,0,,0,0,0,3,,2,2,2,2,1,2,2,0,2,0,1,1,2,1,1,11632,4,4,2,0,0,0,2
12B196,21,40077,2,1,0,2,4,221,2,48,6,2,7,1,2,2,2,2,2,2,0,0,,0,0,0,0,0,0,,0,0,0,0,0,,0,0,,0,0,0,0,0,0,0,0,0,,0,0,0,0,0,,0,0,,0,0,0,0,0,0,0,0,0,0,,0,0,0,0,0,,0,0,0,,0,0,0,1,,2,2,2,2,2,1,2,0,1,1,1,1,1,1,1,33134,4,4,2,0,0,0,2
12B196,21,40077,4,1,0,1,4,221,1,39,7,5,1,1,1,1,2,1,2,1,7,3,,2,2,2,2,1,2,,3,1800,1,2,1,,0,0,,0,0,0,0,0,0,0,0,0,,0,0,0,0,0,,4,3,,2,1,1,2,2,1,0,1,2,1,,0,0,0,1,3,,60,2,0,,3,3,2,0,,2,2,2,2,1,1,1,1,1,2,1,1,1,1,1,7857,1,2,1,1,0,1,1
12B196,21,40077,3,1,0,3,4,221,2,30,3,3,7,1,1,1,2,2,2,1,2,3,,2,2,2,2,1,2,,2,0,2,1,1,,0,0,,0,0,0,0,0,0,0,0,0,,0,0,0,0,0,,0,0,,0,0,0,0,0,0,0,0,0,0,,0,0,0,2,3,,40,2,0,,2,3,2,0,,2,2,2,2,2,1,1,1,1,1,1,1,1,1,1,27548,1,2,1,2,0,0,1
13B196,21,40122,3,1,0,2,4,221,2,49,6,4,7,1,2,2,2,2,2,1,0,0,,0,0,0,0,0,0,,0,0,0,0,0,,0,0,,0,0,0,0,0,0,0,0,0,,0,0,0,0,0,,0,0,,0,0,0,0,0,0,0,0,0,0,,0,0,0,1,3,,60,2,0,,2,3,1,0,,2,2,2,2,1,1,1,2,1,1,1,1,1,1,1,19473,3,3,1,0,0,0,2
13B196,21,40122,1,1,0,2,4,221,2,46,7,5,7,1,1,1,2,2,2,2,4,3,,2,2,2,1,1,2,,2,0,2,1,1,,0,0,,0,0,0,0,0,0,0,0,0,,0,0,0,0,0,,0,0,,0,0,0,0,0,0,0,0,0,0,,0,0,0,0,0,,45,2,0,,2,3,2,0,,2,2,2,2,1,1,1,1,1,3,1,1,1,1,1,12982,1,1,1,2,0,0,1
13B196,21,40122,2,1,0,2,4,221,2,42,4,3,7,1,1,1,2,2,2,1,4,3,,2,2,2,1,1,2,,2,0,2,1,1,,0,0,,0,0,0,0,0,0,0,0,0,,0,0,0,0,0,,0,0,,0,0,0,0,0,0,0,0,0,0,,0,0,0,1,3,,90,2,0,,2,3,2,0,,2,2,2,2,1,1,1,1,1,2,1,1,1,1,1,13888,1,2,1,2,0,0,1
13B196,21,40122,4,1,0,1,4,221,2,73,2,1,7,1,1,1,2,2,2,2,1,3,,2,2,2,2,1,2,,2,0,2,1,1,,0,0,,0,0,0,0,0,0,0,0,0,,0,0,0,0,0,,0,0,,0,0,0,0,0,0,0,0,0,0,,0,0,0,0,0,,30,2,0,,2,3,2,0,,2,2,2,2,2,2,2,0,1,1,1,2,1,3,3,24768,1,1,1,2,0,0,1
13A192,21,40137,4,1,0,2,4,221,2,52,6,3,7,1,2,2,2,2,2,2,0,0,,0,0,0,0,0,0,,0,0,0,0,0,,0,0,,0,0,0,0,0,0,0,0,0,,0,0,0,0,0,,0,0,,0,0,0,0,0,0,0,0,0,0,,0,0,0,0,0,,0,0,0,,0,0,0,1,,2,2,2,2,2,2,2,0,2,0,1,2,1,1,1,15735,4,4,2,0,0,0,2
13A192,21,40137,1,1,0,4,4,221,2,27,4,3,7,1,1,2,2,2,1,2,0,0,,0,0,0,0,0,0,,0,0,0,0,0,,0,0,,0,0,0,0,0,0,0,0,0,,0,0,0,0,0,,0,0,,0,0,0,0,0,0,0,0,0,0,,2,1,2,0,0,,30,2,0,,3,3,2,0,,2,2,2,2,2,2,2,0,2,0,1,1,1,1,1,32704,1,3,1,0,0,0,2
13A192,21,40137,2,1,0,3,4,221,2,25,6,3,7,1,1,1,2,2,2,2,1,3,,2,2,2,1,2,2,,1,0,1,2,1,,0,0,,0,0,0,0,0,0,0,0,0,,0,0,0,0,0,,0,0,,0,0,0,0,0,0,0,0,0,0,,0,0,0,0,0,,120,2,0,,4,2,1,0,,2,2,2,2,2,2,2,0,2,0,1,1,1,1,1,24528,1,1,1,1,0,0,1
11B193,21,40207,2,1,0,1,4,221,2,49,3,3,7,1,2,2,2,2,2,2,0,0,,0,0,0,0,0,0,,0,0,0,0,0,,0,0,,0,0,0,0,0,0,0,0,0,,0,0,0,0,0,,0,0,,0,0,0,0,0,0,0,0,0,0,,0,0,0,0,0,,0,0,0,,0,0,0,1,,2,2,2,2,2,2,2,0,2,0,1,2,2,2,2,4782,4,4,2,0,0,0,2
11B193,21,40207,4,1,0,3,4,221,1,23,7,1,1,1,2,2,2,2,2,2,0,0,,0,0,0,0,0,0,,0,0,0,0,0,,0,0,,0,0,0,0,0,0,0,0,0,,0,0,0,0,0,,0,0,,0,0,0,0,0,0,0,0,0,0,,0,0,0,0,0,,0,0,0,,0,0,0,3,,2,2,2,2,3,3,3,0,2,0,1,2,2,2,2,30564,4,4,2,0,0,0,2
11B193,21,40207,1,1,0,1,4,221,1,38,3,2,1,1,2,2,2,2,2,2,0,0,,0,0,0,0,0,0,,0,0,0,0,0,,0,0,,0,0,0,0,0,0,0,0,0,,0,0,0,0,0,,0,0,,0,0,0,0,0,0,0,0,0,0,,0,0,0,0,0,,0,0,0,,0,0,0,3,,2,2,2,2,2,2,2,0,2,0,1,2,1,1,2,11338,4,4,2,0,0,0,2
11B193,21,40207,3,1,0,1,4,221,2,40,4,3,1,1,2,2,2,2,2,2,0,0,,0,0,0,0,0,0,,0,0,0,0,0,,0,0,,0,0,0,0,0,0,0,0,0,,0,0,0,0,0,,0,0,,0,0,0,0,0,0,0,0,0,0,,0,0,0,0,0,,0,0,0,,0,0,0,3,,2,2,2,2,2,2,2,0,2,0,1,2,2,2,2,5115,4,4,2,0,0,0,2
11B187,21,40214,4,1,0,3,4,221,1,20,4,3,6,1,1,1,1,2,2,1,4,2,,2,1,2,2,2,2,,2,0,2,1,1,,2,4,,2,2,2,2,2,2,1,2,2,,2,0,2,1,1,,0,0,,0,0,0,0,0,0,0,0,0,0,,0,0,0,1,3,,45,1,5,,3,3,1,0,,2,2,2,2,2,1,1,1,1,1,1,1,1,1,1,46055,1,2,1,2,2,0,1
11B187,21,40214,3,1,0,1,4,221,2,48,3,3,7,1,2,2,2,2,2,2,0,0,,0,0,0,0,0,0,,0,0,0,0,0,,0,0,,0,0,0,0,0,0,0,0,0,,0,0,0,0,0,,0,0,,0,0,0,0,0,0,0,0,0,0,,0,0,0,0,0,,0,0,0,,0,0,0,1,,2,2,2,2,2,2,2,0,3,0,1,2,1,3,2,6004,4,4,2,0,0,0,2
11B187,21,40214,2,1,0,2,4,221,2,49,4,3,7,1,2,1,2,2,2,2,1,3,,2,2,2,2,1,2,,2,0,2,1,1,,0,0,,0,0,0,0,0,0,0,0,0,,0,0,0,0,0,,0,0,,0,0,0,0,0,0,0,0,0,0,,0,0,0,0,0,,30,2,0,,2,3,2,0,,2,2,2,2,2,1,1,2,1,1,1,1,1,1,1,6004,3,1,1,2,0,0,1
11B187,21,40214,1,1,0,1,4,221,2,52,3,3,7,1,2,2,2,2,2,2,0,0,,0,0,0,0,0,0,,0,0,0,0,0,,0,0,,0,0,0,0,0,0,0,0,0,,0,0,0,0,0,,0,0,,0,0,0,0,0,0,0,0,0,0,,0,0,0,0,0,,0,0,0,,0,0,0,1,,2,2,2,2,2,2,2,0,1,1,1,3,1,3,2,18012,4,4,2,0,0,0,2
12B187,21,40217,1,1,0,1,4,221,1,81,7,4,8,1,1,2,2,1,2,2,0,0,,0,0,0,0,0,0,,0,0,0,0,0,,0,0,,0,0,0,0,0,0,0,0,0,,0,0,0,0,0,,3,4,,2,2,1,2,1,2,0,2,1,1,,0,0,0,0,0,,120,2,0,,2,3,1,0,,2,2,2,2,2,2,2,0,2,0,1,2,2,2,2,14653,1,3,1,0,0,2,1
12B187,21,40217,3,1,0,1,4,221,2,75,7,5,1,1,2,2,2,2,2,2,0,0,,0,0,0,0,0,0,,0,0,0,0,0,,0,0,,0,0,0,0,0,0,0,0,0,,0,0,0,0,0,,0,0,,0,0,0,0,0,0,0,0,0,0,,0,0,0,0,0,,0,0,0,,0,0,0,3,,2,2,2,2,2,2,2,0,2,0,1,2,2,2,2,13639,4,4,2,0,0,0,2
12B187,21,40217,4,1,0,2,4,221,2,38,4,3,7,1,1,2,2,2,2,1,0,0,,0,0,0,0,0,0,,0,0,0,0,0,,0,0,,0,0,0,0,0,0,0,0,0,,0,0,0,0,0,,0,0,,0,0,0,0,0,0,0,0,0,0,,0,0,0,2,3,,30,2,0,,2,4,2,0,,2,2,2,2,2,1,2,0,2,0,1,1,1,1,1,22941,1,3,1,0,0,0,2
13B194,21,40349,3,1,0,2,4,221,2,29,3,3,7,1,2,2,2,2,2,2,0,0,,0,0,0,0,0,0,,0,0,0,0,0,,0,0,,0,0,0,0,0,0,0,0,0,,0,0,0,0,0,,0,0,,0,0,0,0,0,0,0,0,0,0,,0,0,0,0,0,,0,0,0,,0,0,0,2,,2,2,2,2,2,2,2,0,2,0,1,1,1,2,2,21356,4,4,2,0,0,0,2
13B194,21,40349,4,1,0,1,4,221,1,68,2,6,1,2,0,0,0,0,0,0,0,0,,0,0,0,0,0,0,,0,0,0,0,0,,0,0,,0,0,0,0,0,0,0,0,0,,0,0,0,0,0,,0,0,,0,0,0,0,0,0,0,0,0,0,,0,0,0,0,0,,0,0,0,,0,0,0,0,,0,0,0,0,0,0,0,0,0,0,0,0,0,0,0,28082,0,0,0,0,0,0,0
13B194,21,40349,1,1,0,1,4,221,1,39,4,3,1,1,2,2,1,2,2,1,0,0,,0,0,0,0,0,0,,0,0,0,0,0,,1,3,,2,1,2,2,2,2,2,2,2,,3,70,2,1,2,,0,0,,0,0,0,0,0,0,0,0,0,0,,0,0,0,2,1,,30,2,0,,2,3,2,0,,1,2,2,2,2,2,2,0,1,1,1,2,1,1,1,36548,3,3,1,0,2,0,1
13B194,21,40349,2,1,0,3,4,221,2,40,2,6,7,1,2,2,2,2,2,2,0,0,,0,0,0,0,0,0,,0,0,0,0,0,,0,0,,0,0,0,0,0,0,0,0,0,,0,0,0,0,0,,0,0,,0,0,0,0,0,0,0,0,0,0,,0,0,0,0,0,,0,0,0,,0,0,0,3,,2,2,2,2,2,2,2,0,2,0,1,2,2,2,2,54959,4,4,2,0,0,0,2
11B194,21,40390,1,1,0,1,4,221,1,63,4,3,8,1,1,1,2,2,2,1,1,3,,2,2,2,2,1,2,,2,0,2,1,1,,0,0,,0,0,0,0,0,0,0,0,0,,0,0,0,0,0,,0,0,,0,0,0,0,0,0,0,0,0,0,,0,0,0,2,4,,90,2,0,,2,3,2,0,,2,2,2,2,2,1,2,0,1,1,1,1,1,1,1,5596,1,2,1,2,0,0,1
11B194,21,40390,2,1,0,1,4,221,2,52,4,3,7,1,1,2,1,2,2,2,0,0,,0,0,0,0,0,0,,0,0,0,0,0,,2,3,,2,2,2,2,2,2,1,2,2,,2,0,2,1,1,,0,0,,0,0,0,0,0,0,0,0,0,0,,0,0,0,0,0,,30,2,0,,2,3,2,0,,2,2,2,2,2,1,1,2,1,1,1,1,1,1,1,10476,1,3,1,0,2,0,1
11B194,21,40390,4,1,0,1,4,221,2,24,3,3,1,1,1,2,1,2,2,1,0,0,,0,0,0,0,0,0,,0,0,0,0,0,,2,4,,2,2,2,2,2,2,2,1,2,,2,0,2,1,2,,0,0,,0,0,0,0,0,0,0,0,0,0,,0,0,0,2,4,,30,1,6,,2,3,2,0,,2,2,2,2,2,1,1,2,1,2,1,1,1,1,1,7745,1,3,1,0,2,0,1
11B194,21,40390,3,1,0,2,4,221,2,39,4,3,1,1,1,1,2,2,2,2,4,3,,2,2,2,1,1,2,,2,0,2,1,1,,0,0,,0,0,0,0,0,0,0,0,0,,0,0,0,0,0,,0,0,,0,0,0,0,0,0,0,0,0,0,,0,0,0,0,0,,40,2,0,,3,3,2,0,,2,2,2,2,2,1,1,2,1,1,1,1,1,1,1,11207,1,1,1,2,0,0,1
11B188,21,40399,2,1,0,2,4,221,1,43,3,3,8,1,1,1,2,2,2,2,1,5,,2,2,1,2,2,2,,2,0,2,1,1,,0,0,,0,0,0,0,0,0,0,0,0,,0,0,0,0,0,,0,0,,0,0,0,0,0,0,0,0,0,0,,0,0,0,0,0,,50,2,0,,2,3,2,0,,2,2,2,2,2,1,1,1,1,1,1,1,1,1,1,18280,1,1,1,2,0,0,1
11B188,21,40399,3,1,0,2,4,221,1,44,2,6,1,1,2,2,2,2,2,2,0,0,,0,0,0,0,0,0,,0,0,0,0,0,,0,0,,0,0,0,0,0,0,0,0,0,,0,0,0,0,0,,0,0,,0,0,0,0,0,0,0,0,0,0,,0,0,0,0,0,,0,0,0,,0,0,0,3,,2,2,2,2,2,2,2,0,1,1,1,2,1,2,2,12187,4,4,2,0,0,0,2
11B188,21,40399,1,1,0,1,4,221,2,56,4,3,7,1,2,2,2,2,2,2,0,0,,0,0,0,0,0,0,,0,0,0,0,0,,0,0,,0,0,0,0,0,0,0,0,0,,0,0,0,0,0,,0,0,,0,0,0,0,0,0,0,0,0,0,,0,0,0,0,0,,0,0,0,,0,0,0,1,,2,2,2,2,2,2,2,0,2,0,1,1,1,1,2,27730,4,4,2,0,0,0,2
11B188,21,40399,4,1,0,1,4,221,1,74,2,6,1,1,2,2,2,2,2,2,0,0,,0,0,0,0,0,0,,0,0,0,0,0,,0,0,,0,0,0,0,0,0,0,0,0,,0,0,0,0,0,,0,0,,0,0,0,0,0,0,0,0,0,0,,0,0,0,0,0,,0,0,0,,0,0,0,3,,2,2,2,2,2,2,2,0,2,0,1,2,2,2,2,28091,4,4,2,0,0,0,2
13B188,21,40400,2,1,0,2,4,221,2,35,7,5,1,1,1,1,2,2,2,1,3,3,,2,2,2,2,1,2,,3,300,2,1,1,,0,0,,0,0,0,0,0,0,0,0,0,,0,0,0,0,0,,0,0,,0,0,0,0,0,0,0,0,0,0,,0,0,0,2,3,,20,2,0,,2,3,1,0,,1,1,2,2,1,1,1,2,1,1,1,1,1,1,1,9718,1,2,1,2,0,0,1
13B188,21,40400,3,1,0,2,4,221,1,55,99, ,1,2,0,0,0,0,0,0,0,0,,0,0,0,0,0,0,,0,0,0,0,0,,0,0,,0,0,0,0,0,0,0,0,0,,0,0,0,0,0,,0,0,,0,0,0,0,0,0,0,0,0,0,,0,0,0,0,0,,0,0,0,,0,0,0,0,,0,0,0,0,0,0,0,0,0,0,0,0,0,0,0,29113,0,0,0,0,0,0,0
13B188,21,40400,1,1,0,1,4,221,1,39,2,6,1,1,2,2,2,2,2,2,0,0,,0,0,0,0,0,0,,0,0,0,0,0,,0,0,,0,0,0,0,0,0,0,0,0,,0,0,0,0,0,,0,0,,0,0,0,0,0,0,0,0,0,0,,0,0,0,0,0,,0,0,0,,0,0,0,3,,2,2,2,2,2,2,2,0,2,0,1,2,2,2,2,21540,4,4,2,0,0,0,2
13B188,21,40400,4,1,0,2,4,221,1,51,7,5,4,1,2,2,2,2,2,2,0,0,,0,0,0,0,0,0,,0,0,0,0,0,,0,0,,0,0,0,0,0,0,0,0,0,,0,0,0,0,0,,0,0,,0,0,0,0,0,0,0,0,0,0,,0,0,0,0,0,,0,0,0,,0,0,0,4,,2,2,2,2,2,2,2,0,2,0,1,2,2,2,2,11257,4,4,2,0,0,0,2
12A191,21,40453,2,1,0,1,4,221,2,63,6,3,8,1,1,1,2,2,2,2,1,4,,2,2,2,1,2,2,,2,0,2,1,1,,0,0,,0,0,0,0,0,0,0,0,0,,0,0,0,0,0,,0,0,,0,0,0,0,0,0,0,0,0,0,,0,0,0,0,0,,30,2,0,,2,3,2,0,,2,2,2,2,2,1,2,0,1,1,1,2,1,1,2,5799,1,1,1,2,0,0,1
12A191,21,40453,1,1,0,1,4,221,1,35,7,5,1,1,2,2,2,2,2,2,0,0,,0,0,0,0,0,0,,0,0,0,0,0,,0,0,,0,0,0,0,0,0,0,0,0,,0,0,0,0,0,,0,0,,0,0,0,0,0,0,0,0,0,0,,0,0,0,0,0,,0,0,0,,0,0,0,3,,2,2,2,2,1,1,1,2,2,0,1,1,1,1,1,6371,4,4,2,0,0,0,2
12A191,21,40453,4,1,0,1,4,221,1,27,3,3,1,1,2,2,2,2,2,2,0,0,,0,0,0,0,0,0,,0,0,0,0,0,,0,0,,0,0,0,0,0,0,0,0,0,,0,0,0,0,0,,0,0,,0,0,0,0,0,0,0,0,0,0,,0,0,0,0,0,,0,0,0,,0,0,0,3,,2,2,2,2,2,2,2,0,2,0,1,2,1,1,2,19920,4,4,2,0,0,0,2
11B195,21,40489,2,1,0,2,4,221,2,52,2,6,7,2,0,0,0,0,0,0,0,0,,0,0,0,0,0,0,,0,0,0,0,0,,0,0,,0,0,0,0,0,0,0,0,0,,0,0,0,0,0,,0,0,,0,0,0,0,0,0,0,0,0,0,,0,0,0,0,0,,0,0,0,,0,0,0,0,,0,0,0,0,0,0,0,0,0,0,0,0,0,0,0,25706,0,0,0,0,0,0,0
11B195,21,40489,1,1,0,1,4,221,1,36,7,5,1,1,2,2,2,2,2,2,0,0,,0,0,0,0,0,0,,0,0,0,0,0,,0,0,,0,0,0,0,0,0,0,0,0,,0,0,0,0,0,,0,0,,0,0,0,0,0,0,0,0,0,0,,0,0,0,0,0,,0,0,0,,0,0,0,3,,2,2,2,2,2,2,2,0,2,0,1,2,1,1,1,22859,4,4,2,0,0,0,2
11B195,21,40489,4,1,0,3,4,221,1,20,7,2,1,1,1,1,2,2,2,2,2,2,,2,2,2,1,1,2,,3,220,2,1,1,,0,0,,0,0,0,0,0,0,0,0,0,,0,0,0,0,0,,0,0,,0,0,0,0,0,0,0,0,0,0,,0,0,0,0,0,,20,2,0,,2,3,2,0,,2,1,2,2,2,2,2,0,2,0,1,2,1,2,1,24648,1,1,1,2,0,0,1
12B195,21,40490,2,1,0,2,4,221,2,70,7,5,7,1,1,1,2,2,2,2,1,3,,2,2,2,2,1,2,,2,0,2,1,1,,0,0,,0,0,0,0,0,0,0,0,0,,0,0,0,0,0,,0,0,,0,0,0,0,0,0,0,0,0,0,,0,0,0,0,0,,30,2,0,,2,3,2,0,,2,2,2,2,1,1,1,2,1,3,1,1,1,1,1,15148,1,1,1,2,0,0,1
12B195,21,40490,3,1,0,1,4,221,1,69,9,3,1,1,1,1,1,1,2,1,3,1,,2,1,2,2,2,2,,2,0,2,1,1,,2,3,,2,2,2,2,2,2,1,2,2,,1,0,2,1,1,,3,3,,1,2,1,2,2,1,0,1,2,1,,0,0,0,2,3,,45,2,0,,2,4,2,0,,2,2,2,2,1,1,1,1,1,3,1,1,1,1,1,8137,1,2,1,2,2,1,1
11A191,21,40497,4,1,0,4,4,221,1,21,4,3,1,1,2,2,2,2,2,2,0,0,,0,0,0,0,0,0,,0,0,0,0,0,,0,0,,0,0,0,0,0,0,0,0,0,,0,0,0,0,0,,0,0,,0,0,0,0,0,0,0,0,0,0,,0,0,0,0,0,,0,0,0,,0,0,0,3,,2,1,2,2,2,1,2,0,2,0,1,1,1,1,1,43016,4,4,2,0,0,0,2
11A191,21,40497,3,1,1,1,4,221,1,27,2,6,1,1,2,1,2,1,2,2,1,1,,1,2,2,2,2,2,,2,0,2,1,2,,0,0,,0,0,0,0,0,0,0,0,0,,0,0,0,0,0,,1,4,,2,1,1,2,1,2,0,2,1,2,,0,0,0,0,0,,25,1,6,,2,3,2,0,,2,2,2,2,2,1,2,0,1,1,1,1,1,1,1,20788,3,2,1,2,0,2,1
11A191,21,40497,1,1,0,1,4,221,1,33,7,5,1,1,1,1,1,1,2,2,1,3,,2,2,2,2,1,2,,2,0,2,1,2,,2,3,,2,2,2,2,2,2,1,2,2,,3,90,2,1,2,,2,4,,1,1,1,1,1,3,28,2,1,2,,0,0,0,0,0,,30,1,6,,3,3,2,0,,2,2,2,2,2,1,1,1,1,3,1,1,1,1,1,20788,1,2,1,2,2,2,1
12B193,22,40015,4,1,0,1,36,221,2,25,8,2,1,1,1,1,1,2,2,2,10,3,,2,1,1,2,1,2,,3,1500,1,1,1,,10,3,,2,2,2,2,2,1,1,2,2,,1,0,1,2,1,,0,0,,0,0,0,0,0,0,0,0,0,0,,0,0,0,0,0,,120,2,0,,4,4,1,0,,1,2,2,1,1,1,1,2,1,5,1,1,1,1,1,7695,1,2,1,3,1,0,1
12B193,22,40015,3,1,0,2,36,221,2,54,2,6,7,1,1,2,2,1,2,2,0,0,,0,0,0,0,0,0,,0,0,0,0,0,,0,0,,0,0,0,0,0,0,0,0,0,,0,0,0,0,0,,1,3,,2,2,1,1,2,2,0,2,1,1,,0,0,0,0,0,,25,1,5,,2,2,2,0,,1,2,2,2,2,2,2,0,2,0,1,2,1,1,2,22214,1,3,1,0,0,2,1
12B193,22,40015,2,1,0,2,36,221,2,27,7,6,1,1,1,1,2,2,2,2,2,1,,2,1,2,2,2,2,,2,0,2,1,1,,0,0,,0,0,0,0,0,0,0,0,0,,0,0,0,0,0,,0,0,,0,0,0,0,0,0,0,0,0,0,,0,0,0,0,0,,30,2,0,,3,3,1,0,,2,2,2,2,2,2,2,0,1,2,1,1,1,2,2,15390,1,1,1,2,0,0,1
12B193,22,40015,1,1,0,3,36,221,1,21,3,3,1,1,2,2,2,2,2,2,0,0,,0,0,0,0,0,0,,0,0,0,0,0,,0,0,,0,0,0,0,0,0,0,0,0,,0,0,0,0,0,,0,0,,0,0,0,0,0,0,0,0,0,0,,0,0,0,0,0,,0,0,0,,0,0,0,3,,2,2,2,2,2,2,2,0,1,1,1,1,1,2,2,37865,4,4,2,0,0,0,2
12B196,22,40058,2,1,0,2,36,221,2,40,7,4,1,1,1,1,2,2,2,2,20,4,,2,1,2,2,2,2,,1,0,1,1,1,,0,0,,0,0,0,0,0,0,0,0,0,,0,0,0,0,0,,0,0,,0,0,0,0,0,0,0,0,0,0,,0,0,0,0,0,,30,2,0,,3,3,1,0,,2,2,2,2,1,1,1,1,1,1,1,2,2,2,2,15428,1,1,1,3,0,0,1
12B196,22,40058,1,1,0,2,36,221,2,60,7,4,3,1,1,1,2,2,2,2,2,3,,2,1,2,2,2,2,,2,0,2,1,1,,0,0,,0,0,0,0,0,0,0,0,0,,0,0,0,0,0,,0,0,,0,0,0,0,0,0,0,0,0,0,,0,0,0,0,0,,30,2,0,,3,3,1,0,,2,2,2,2,1,1,1,1,1,2,1,2,1,2,1,23347,1,1,1,2,0,0,1
12B196,22,40058,4,1,0,1,36,221,1,41,7,4,1,1,1,1,1,1,2,1,3,4,,2,2,1,2,2,2,,2,0,2,1,1,,1,1,,1,2,2,2,2,2,2,2,2,,3,80,2,1,1,,5,3,,1,1,1,2,1,1,0,1,2,1,,0,0,0,2,2,,60,2,0,,2,3,1,0,,1,2,1,1,1,1,1,2,1,5,1,1,2,1,2,8551,1,2,1,2,2,1,1
12A192,22,40094,1,1,0,1,36,221,2,60,7,4,1,1,1,1,2,2,2,2,60,3,,2,2,2,2,1,2,,1,0,1,1,1,,0,0,,0,0,0,0,0,0,0,0,0,,0,0,0,0,0,,0,0,,0,0,0,0,0,0,0,0,0,0,,0,0,0,0,0,,60,2,0,,4,3,1,0,,2,2,2,2,2,1,1,1,1,5,1,1,1,1,2,6431,1,1,1,3,0,0,1
12A192,22,40094,4,1,2,1,36,221,1,35,7,4,1,1,1,2,2,2,2,1,0,0,,0,0,0,0,0,0,,0,0,0,0,0,,0,0,,0,0,0,0,0,0,0,0,0,,0,0,0,0,0,,0,0,,0,0,0,0,0,0,0,0,0,0,,0,0,0,2,3,,30,2,0,,3,3,2,0,,1,2,2,2,2,1,2,0,1,2,1,1,1,2,2,21196,1,3,1,0,0,0,2
12A192,22,40094,3,1,0,1,36,221,1,47,7,5,1,1,1,1,2,1,2,2,2,1,,1,1,2,2,2,2,,3,400,2,1,1,,0,0,,0,0,0,0,0,0,0,0,0,,0,0,0,0,0,,3,3,,1,1,1,1,1,3,45,2,1,1,,0,0,0,0,0,,30,2,0,,3,3,1,0,,1,2,2,2,1,1,1,2,1,5,1,2,1,2,1,14769,1,2,1,2,0,2,1
12A192,22,40094,2,1,0,1,36,221,2,74,7,1,7,1,1,1,2,2,2,2,10,3,,1,2,1,2,1,2,,2,0,2,1,1,,0,0,,0,0,0,0,0,0,0,0,0,,0,0,0,0,0,,0,0,,0,0,0,0,0,0,0,0,0,0,,0,0,0,0,0,,120,2,0,,2,3,1,0,,2,2,2,2,1,1,1,2,1,4,1,1,1,1,1,7579,1,1,1,2,0,0,1
11B193,22,40112,1,1,0,1,36,221,2,53,2,6,7,1,2,1,2,2,2,2,1,5,,2,2,1,2,2,2,,2,0,2,1,1,,0,0,,0,0,0,0,0,0,0,0,0,,0,0,0,0,0,,0,0,,0,0,0,0,0,0,0,0,0,0,,0,0,0,0,0,,20,2,0,,2,2,2,0,,2,2,2,2,2,2,2,0,1,1,1,2,2,2,2,6312,3,1,1,2,0,0,1
11B193,22,40112,4,1,0,1,36,221,1,78,0, ,10,1,2,2,2,2,2,2,0,0,,0,0,0,0,0,0,,0,0,0,0,0,,0,0,,0,0,0,0,0,0,0,0,0,,0,0,0,0,0,,0,0,,0,0,0,0,0,0,0,0,0,0,,0,0,0,0,0,,0,0,0,,0,0,0,5,,2,2,2,2,2,2,2,0,2,0,2,0,0,0,0,8625,4,4,2,0,0,0,2
11B193,22,40112,3,1,0,1,36,221,1,78,2,6,8,1,2,2,2,1,2,2,0,0,,0,0,0,0,0,0,,0,0,0,0,0,,0,0,,0,0,0,0,0,0,0,0,0,,0,0,0,0,0,,2,3,,1,1,1,1,1,3,30,2,1,1,,0,0,0,0,0,,60,2,0,,2,4,2,0,,2,2,2,2,2,1,2,0,1,2,1,1,1,2,2,43126,3,3,1,0,0,2,1
11B193,22,40112,2,1,0,1,36,221,2,41,7,5,7,1,2,2,1,2,2,2,0,0,,0,0,0,0,0,0,,0,0,0,0,0,,2,4,,2,2,1,2,2,2,2,1,2,,2,0,2,1,1,,0,0,,0,0,0,0,0,0,0,0,0,0,,0,0,0,0,0,,20,2,0,,2,3,2,0,,1,2,2,2,2,2,2,0,1,1,1,2,1,2,2,13505,3,3,1,0,2,0,1
12B187,22,40152,3,1,0,1,36,221,1,52,7,5,1,1,2,2,2,2,2,1,0,0,,0,0,0,0,0,0,,0,0,0,0,0,,0,0,,0,0,0,0,0,0,0,0,0,,0,0,0,0,0,,0,0,,0,0,0,0,0,0,0,0,0,0,,0,0,0,2,3,,20,2,0,,3,3,2,0,,2,2,2,2,2,1,2,0,1,1,1,2,1,2,2,7694,3,3,1,0,0,0,2
12B187,22,40152,1,1,0,2,36,221,2,43,3,3,7,1,1,1,2,2,2,2,1,4,,2,2,2,2,1,2,,3,500,2,1,1,,0,0,,0,0,0,0,0,0,0,0,0,,0,0,0,0,0,,0,0,,0,0,0,0,0,0,0,0,0,0,,0,0,0,0,0,,20,2,0,,3,3,2,0,,2,2,2,2,1,2,1,1,1,2,1,2,2,2,2,26569,1,1,1,2,0,0,1
12B187,22,40152,2,1,0,1,36,221,2,46,7,4,1,1,2,2,2,2,2,2,0,0,,0,0,0,0,0,0,,0,0,0,0,0,,0,0,,0,0,0,0,0,0,0,0,0,,0,0,0,0,0,,0,0,,0,0,0,0,0,0,0,0,0,0,,0,0,0,0,0,,0,0,0,,0,0,0,3,,2,2,2,2,2,1,2,0,1,1,1,2,1,2,2,18628,4,4,2,0,0,0,2
12B187,22,40152,4,1,0,1,36,221,1,36,2,6,1,1,2,2,2,2,2,2,0,0,,0,0,0,0,0,0,,0,0,0,0,0,,0,0,,0,0,0,0,0,0,0,0,0,,0,0,0,0,0,,0,0,,0,0,0,0,0,0,0,0,0,0,,0,0,0,0,0,,0,0,0,,0,0,0,3,,2,2,2,2,2,2,2,0,1,1,1,2,1,1,2,7362,4,4,2,0,0,0,2
11B187,22,40153,1,1,0,1,36,221,2,28,4,3,7,1,2,2,2,2,2,2,0,0,,0,0,0,0,0,0,,0,0,0,0,0,,0,0,,0,0,0,0,0,0,0,0,0,,0,0,0,0,0,,0,0,,0,0,0,0,0,0,0,0,0,0,,0,0,0,0,0,,0,0,0,,0,0,0,2,,2,2,2,2,2,1,2,0,1,1,1,2,1,2,2,23692,4,4,2,0,0,0,2
11B187,22,40153,2,1,1,2,36,221,1,50,3,3,1,1,2,2,2,2,2,2,0,0,,0,0,0,0,0,0,,0,0,0,0,0,,0,0,,0,0,0,0,0,0,0,0,0,,0,0,0,0,0,,0,0,,0,0,0,0,0,0,0,0,0,0,,0,0,0,0,0,,0,0,0,,0,0,0,3,,2,2,2,2,2,1,2,0,1,1,1,2,1,2,2,28251,4,4,2,0,0,0,2
11B187,22,40153,4,1,0,2,36,221,2,52,7,4,1,1,1,1,1,2,2,2,1,3,,2,2,1,2,2,2,,1,0,2,1,1,,1,5,,2,2,2,2,1,2,2,2,2,,2,0,2,1,1,,0,0,,0,0,0,0,0,0,0,0,0,0,,0,0,0,0,0,,60,2,0,,3,3,2,0,,2,2,2,2,2,2,1,1,1,2,1,3,2,2,2,22798,1,2,1,2,2,0,1
12B194,22,40277,2,1,0,1,36,221,1,62,4,3,8,1,1,2,2,2,2,2,0,0,,0,0,0,0,0,0,,0,0,0,0,0,,0,0,,0,0,0,0,0,0,0,0,0,,0,0,0,0,0,,0,0,,0,0,0,0,0,0,0,0,0,0,,0,0,0,0,0,,0,0,0,,0,0,0,2,,2,2,2,2,1,2,2,0,1,1,1,1,2,2,2,13304,2,4,2,0,0,0,2
12B194,22,40277,1,1,0,3,36,221,2,73,7,4,8,1,2,2,2,2,2,2,0,0,,0,0,0,0,0,0,,0,0,0,0,0,,0,0,,0,0,0,0,0,0,0,0,0,,0,0,0,0,0,,0,0,,0,0,0,0,0,0,0,0,0,0,,0,0,0,0,0,,0,0,0,,0,0,0,6,YA NO VE BIEN FORZA MUCHO SU VISTA,2,2,2,2,2,2,2,0,1,2,1,2,2,1,2,23760,4,4,2,0,0,0,2
12B194,22,40277,3,1,0,3,36,221,2,47,4,3,7,1,2,2,2,2,2,2,0,0,,0,0,0,0,0,0,,0,0,0,0,0,,0,0,,0,0,0,0,0,0,0,0,0,,0,0,0,0,0,,0,0,,0,0,0,0,0,0,0,0,0,0,,0,0,0,0,0,,0,0,0,,0,0,0,5,,2,2,2,2,3,3,3,0,2,0,1,1,2,2,2,18680,4,4,2,0,0,0,2
12B194,22,40277,4,1,0,4,36,221,1,32,3,2,1,1,2,2,2,1,2,2,0,0,,0,0,0,0,0,0,,0,0,0,0,0,,0,0,,0,0,0,0,0,0,0,0,0,,0,0,0,0,0,,1,3,,1,1,1,2,1,2,0,2,1,2,,0,0,0,0,0,,20,1,6,,3,4,2,0,,2,2,2,2,2,1,2,0,1,1,1,1,2,2,2,23083,3,3,1,0,0,2,1
12B188,22,40282,4,1,0,6,36,221,1,21,3,3,1,1,2,2,2,2,2,2,0,0,,0,0,0,0,0,0,,0,0,0,0,0,,0,0,,0,0,0,0,0,0,0,0,0,,0,0,0,0,0,,0,0,,0,0,0,0,0,0,0,0,0,0,,0,0,0,0,0,,0,0,0,,0,0,0,3,,2,2,2,2,1,2,2,0,1,1,1,2,2,3,3,48407,4,4,2,0,0,0,2
12B188,22,40282,2,1,0,1,36,221,1,72,3,3,8,1,2,2,2,2,2,2,0,0,,0,0,0,0,0,0,,0,0,0,0,0,,0,0,,0,0,0,0,0,0,0,0,0,,0,0,0,0,0,,0,0,,0,0,0,0,0,0,0,0,0,0,,0,0,0,0,0,,0,0,0,,0,0,0,2,,2,2,2,2,2,2,2,0,1,2,1,1,1,2,2,43117,4,4,2,0,0,0,2
12B188,22,40282,1,1,0,1,36,221,1,65,3,3,8,1,1,2,2,1,2,2,0,0,,0,0,0,0,0,0,,0,0,0,0,0,,0,0,,0,0,0,0,0,0,0,0,0,,0,0,0,0,0,,1,4,,1,1,1,2,1,3,12,2,1,1,,0,0,0,0,0,,60,2,0,,3,4,2,0,,2,2,2,2,2,2,2,0,1,1,1,2,2,2,1,34494,1,3,1,0,0,2,1
12B188,22,40282,3,1,0,1,36,221,1,49,3,3,1,1,2,2,2,2,2,2,0,0,,0,0,0,0,0,0,,0,0,0,0,0,,0,0,,0,0,0,0,0,0,0,0,0,,0,0,0,0,0,,0,0,,0,0,0,0,0,0,0,0,0,0,,0,0,0,0,0,,0,0,0,,0,0,0,3,,2,2,2,2,2,2,2,0,1,1,1,3,3,2,2,31281,4,4,2,0,0,0,2
11B195,22,40343,2,1,0,4,36,221,1,20,3,3,1,1,2,2,1,1,2,2,0,0,,0,0,0,0,0,0,,0,0,0,0,0,,2,4,,1,1,2,2,2,2,2,2,2,,3,40,2,1,2,,3,4,,2,1,1,2,2,3,40,2,1,1,,0,0,0,0,0,,10,2,0,,2,2,2,0,,1,2,2,1,1,1,1,2,1,1,1,1,1,1,1,24430,3,3,1,0,2,2,1
11B195,22,40343,3,1,0,2,36,221,2,46,2,1,7,1,1,1,2,2,2,2,1,3,,2,2,2,2,1,2,,2,0,2,1,1,,0,0,,0,0,0,0,0,0,0,0,0,,0,0,0,0,0,,0,0,,0,0,0,0,0,0,0,0,0,0,,0,0,0,0,0,,30,2,0,,2,2,2,0,,2,2,2,2,2,2,2,0,1,1,1,2,1,2,2,12739,1,1,1,2,0,0,1
11B195,22,40343,1,1,0,2,36,221,2,55,3,3,7,1,2,2,2,2,2,2,0,0,,0,0,0,0,0,0,,0,0,0,0,0,,0,0,,0,0,0,0,0,0,0,0,0,,0,0,0,0,0,,0,0,,0,0,0,0,0,0,0,0,0,0,,0,0,0,0,0,,0,0,0,,0,0,0,1,,2,2,2,2,2,2,2,0,3,0,1,2,2,2,2,20622,4,4,2,0,0,0,2
13A191,22,40348,1,1,0,2,36,221,2,35,4,1,7,1,2,2,1,2,2,2,0,0,,0,0,0,0,0,0,,0,0,0,0,0,,2,4,,2,2,1,2,2,2,2,1,2,,1,0,1,2,1,,0,0,,0,0,0,0,0,0,0,0,0,0,,0,0,0,0,0,,30,1,7,ATENCIÓN DE LA FAMILIA,3,3,2,0,,2,2,2,2,1,2,2,0,1,1,1,1,1,2,2,31376,3,3,1,0,1,0,1
13A191,22,40348,2,1,0,3,36,221,1,44,4,3,1,1,1,1,2,2,1,2,1,3,,2,2,2,2,1,2,,2,0,2,1,1,,0,0,,0,0,0,0,0,0,0,0,0,,0,0,0,0,0,,0,0,,0,0,0,0,0,0,0,0,0,0,,2,2,1,0,0,,30,1,7,CONVIVENCIA CON LA FAMILIA,4,4,2,0,,2,2,2,2,2,2,2,0,2,0,1,2,2,2,2,34776,1,2,1,2,0,0,1
13A191,22,40348,4,1,0,1,36,221,1,35,7,1,1,1,1,2,2,1,2,2,0,0,,0,0,0,0,0,0,,0,0,0,0,0,,0,0,,0,0,0,0,0,0,0,0,0,,0,0,0,0,0,,1,4,,1,1,1,2,1,3,12,2,1,1,,0,0,0,0,0,,30,2,0,,4,4,2,0,,2,2,2,2,1,2,2,0,1,1,1,1,2,1,2,17387,1,3,1,0,0,2,1
11A191,22,40349,2,1,0,2,36,221,2,41,4,3,7,1,2,2,2,2,2,2,0,0,,0,0,0,0,0,0,,0,0,0,0,0,,0,0,,0,0,0,0,0,0,0,0,0,,0,0,0,0,0,,0,0,,0,0,0,0,0,0,0,0,0,0,,0,0,0,0,0,,0,0,0,,0,0,0,3,,2,2,2,2,1,2,2,0,1,1,1,2,2,2,2,21691,4,4,2,0,0,0,2
11A191,22,40349,1,1,0,1,36,221,1,68,2,6,1,1,1,2,2,2,2,2,0,0,,0,0,0,0,0,0,,0,0,0,0,0,,0,0,,0,0,0,0,0,0,0,0,0,,0,0,0,0,0,,0,0,,0,0,0,0,0,0,0,0,0,0,,0,0,0,0,0,,0,0,0,,0,0,0,2,,2,2,2,2,2,2,2,0,1,1,1,2,2,2,2,41562,2,4,2,0,0,0,2
11A191,22,40349,3,1,0,4,36,221,2,45,3,3,1,1,1,2,2,2,2,2,0,0,,0,0,0,0,0,0,,0,0,0,0,0,,0,0,,0,0,0,0,0,0,0,0,0,,0,0,0,0,0,,0,0,,0,0,0,0,0,0,0,0,0,0,,0,0,0,0,0,,0,0,0,,0,0,0,3,,2,2,2,2,2,2,2,0,1,1,1,1,2,2,2,40554,2,4,2,0,0,0,2
11A191,22,40349,4,1,0,1,36,221,2,38,2,6,1,1,2,2,2,2,2,2,0,0,,0,0,0,0,0,0,,0,0,0,0,0,,0,0,,0,0,0,0,0,0,0,0,0,,0,0,0,0,0,,0,0,,0,0,0,0,0,0,0,0,0,0,,0,0,0,0,0,,0,0,0,,0,0,0,3,,2,2,2,2,2,2,2,0,1,1,1,1,1,2,2,21691,4,4,2,0,0,0,2
13B195,22,40370,4,1,0,3,36,221,1,19,3,3,1,1,1,2,2,1,2,2,0,0,,0,0,0,0,0,0,,0,0,0,0,0,,0,0,,0,0,0,0,0,0,0,0,0,,0,0,0,0,0,,1,4,,1,1,1,2,1,2,0,1,2,1,,0,0,0,0,0,,30,2,0,,3,4,2,0,,2,2,2,2,2,2,2,0,1,1,1,2,2,1,2,24454,1,3,1,0,0,1,1
13B195,22,40370,1,1,0,1,36,221,1,57,3,3,1,1,2,2,2,2,2,2,0,0,,0,0,0,0,0,0,,0,0,0,0,0,,0,0,,0,0,0,0,0,0,0,0,0,,0,0,0,0,0,,0,0,,0,0,0,0,0,0,0,0,0,0,,0,0,0,0,0,,0,0,0,,0,0,0,3,,2,2,2,2,1,2,2,0,1,1,1,2,2,2,2,27246,4,4,2,0,0,0,2
11B187,23,40088,4,1,2,1,41,221,1,49,7,4,1,1,1,1,1,2,1,1,30,4,,2,1,1,2,1,2,,3,2500,2,1,1,,2,4,,2,1,2,2,2,2,2,2,2,,3,200,2,1,1,,0,0,,0,0,0,0,0,0,0,0,0,0,,5,2,1,2,3,,60,1,5,,3,2,2,0,,1,1,2,1,2,2,2,0,2,0,1,2,2,2,2,8434,1,2,1,2,2,0,1
11B187,23,40088,2,1,1,2,41,221,2,28,3,3,1,1,1,1,2,2,2,1,1,4,,2,2,2,2,1,2,,2,0,2,1,1,,0,0,,0,0,0,0,0,0,0,0,0,,0,0,0,0,0,,0,0,,0,0,0,0,0,0,0,0,0,0,,0,0,0,1,3,,60,1,7,TRABAJANDO,3,3,1,0,,1,2,2,2,1,1,1,1,1,1,1,1,1,1,1,14147,1,2,1,2,0,0,1
11B187,23,40088,1,1,0,2,41,221,2,43,4,3,1,1,1,2,1,1,2,2,0,0,,0,0,0,0,0,0,,0,0,0,0,0,,3,5,,2,2,2,2,1,2,2,2,2,,2,0,1,2,1,,3,3,,2,2,2,2,1,1,0,1,2,1,,0,0,0,0,0,,60,1,3,,3,2,1,0,,2,2,2,2,2,2,2,0,2,0,1,1,1,1,1,14562,1,3,1,0,1,1,1
11B187,23,40088,3,1,1,1,41,221,1,43,4,3,1,1,1,2,1,1,1,1,0,0,,0,0,0,0,0,0,,0,0,0,0,0,,7,4,,1,1,2,2,2,2,2,2,2,,2,0,2,1,2,,3,1,,1,1,1,1,1,3,15,2,1,2,,5,2,1,5,4,,20,2,0,,2,4,2,0,,2,2,2,2,2,2,2,0,2,0,1,2,2,2,1,32280,1,3,1,0,2,2,1
12B193,23,40117,1,1,0,1,41,221,1,47,3,3,1,1,2,2,1,1,2,1,0,0,,0,0,0,0,0,0,,0,0,0,0,0,,1,4,,2,2,2,2,2,2,2,1,2,,2,0,2,1,2,,2,3,,2,1,1,1,1,3,10,2,1,2,,0,0,0,1,3,,10,1,6,,4,4,2,0,,2,2,2,2,2,1,2,0,2,0,1,1,1,1,1,21416,3,3,1,0,2,2,1
12B193,23,40117,2,1,0,1,41,221,1,57,4,3,1,1,2,2,2,1,2,1,0,0,,0,0,0,0,0,0,,0,0,0,0,0,,0,0,,0,0,0,0,0,0,0,0,0,,0,0,0,0,0,,1,1,,1,1,2,1,1,3,5,2,1,2,,0,0,0,5,3,,20,1,5,,2,1,1,0,,2,2,2,2,2,2,2,0,1,1,1,2,1,1,2,6154,3,3,1,0,0,2,1
12B193,23,40117,3,1,0,1,41,221,1,62,3,1,1,1,2,2,2,1,2,2,0,0,,0,0,0,0,0,0,,0,0,0,0,0,,0,0,,0,0,0,0,0,0,0,0,0,,0,0,0,0,0,,5,3,,2,2,2,2,1,3,25,2,1,2,,0,0,0,0,0,,5,2,0,,1,2,2,0,,2,2,2,2,2,2,2,0,2,0,1,2,1,2,1,12309,3,3,1,0,0,2,1
12B196,23,40120,1,1,0,2,41,221,2,22,4,3,7,1,2,1,2,2,2,1,1,2,,2,1,2,2,2,2,,3,1300,2,1,1,,0,0,,0,0,0,0,0,0,0,0,0,,0,0,0,0,0,,0,0,,0,0,0,0,0,0,0,0,0,0,,0,0,0,5,3,,10,2,0,,4,4,1,0,,2,2,2,2,2,1,1,2,1,1,1,1,1,2,1,21708,3,2,1,2,0,0,1
12B196,23,40120,2,1,0,2,41,221,2,44,6,3,1,1,2,2,2,2,2,2,0,0,,0,0,0,0,0,0,,0,0,0,0,0,,0,0,,0,0,0,0,0,0,0,0,0,,0,0,0,0,0,,0,0,,0,0,0,0,0,0,0,0,0,0,,0,0,0,0,0,,0,0,0,,0,0,0,1,,2,2,2,2,1,2,2,0,2,0,1,2,1,1,1,15705,4,4,2,0,0,0,2
12B196,23,40120,3,1,0,1,41,221,2,31,7,4,1,1,2,1,2,1,2,1,2,4,,2,2,2,1,2,2,,3,750,2,1,1,,0,0,,0,0,0,0,0,0,0,0,0,,0,0,0,0,0,,1,4,,2,1,2,2,1,3,10,2,1,1,,0,0,0,1,1,,30,2,0,,2,3,1,0,,1,2,2,1,2,1,2,0,1,3,1,1,2,1,2,15257,3,2,1,2,0,2,1
12B196,23,40120,4,1,0,2,41,221,2,46,2,6,7,1,2,2,2,2,2,1,0,0,,0,0,0,0,0,0,,0,0,0,0,0,,0,0,,0,0,0,0,0,0,0,0,0,,0,0,0,0,0,,0,0,,0,0,0,0,0,0,0,0,0,0,,0,0,0,5,3,,30,2,0,,2,3,2,0,,2,2,2,2,2,2,2,0,2,0,1,1,1,1,1,29362,3,3,1,0,0,0,2
12A192,23,40125,4,1,0,1,41,221,2,44,2,6,7,1,1,1,2,2,1,2,3,4,,2,2,1,2,2,2,,2,0,2,1,1,,0,0,,0,0,0,0,0,0,0,0,0,,0,0,0,0,0,,0,0,,0,0,0,0,0,0,0,0,0,0,,5,2,1,0,0,,30,2,0,,2,3,2,0,,2,2,2,2,2,1,2,0,1,2,1,1,1,1,1,4682,1,2,1,2,0,0,1
12A192,23,40125,3,1,1,1,41,221,2,37,2,6,1,1,1,1,2,2,2,2,1,5,,2,2,1,2,2,2,,3,175,2,1,1,,0,0,,0,0,0,0,0,0,0,0,0,,0,0,0,0,0,,0,0,,0,0,0,0,0,0,0,0,0,0,,0,0,0,0,0,,5,2,0,,2,2,2,0,,2,2,2,2,2,2,1,1,1,1,1,1,1,2,1,4682,1,1,1,2,0,0,1
12A192,23,40125,2,1,0,2,41,221,2,30,3,3,1,1,2,2,2,2,2,1,0,0,,0,0,0,0,0,0,,0,0,0,0,0,,0,0,,0,0,0,0,0,0,0,0,0,,0,0,0,0,0,,0,0,,0,0,0,0,0,0,0,0,0,0,,0,0,0,5,1,,10,2,0,,4,1,1,0,,2,2,2,2,2,1,1,2,1,1,1,2,1,1,1,9096,3,3,1,0,0,0,2
12A192,23,40125,1,1,0,1,41,221,2,52,4,3,1,1,1,1,2,2,1,1,20,4,,2,2,1,2,1,2,,2,0,2,1,1,,0,0,,0,0,0,0,0,0,0,0,0,,0,0,0,0,0,,0,0,,0,0,0,0,0,0,0,0,0,0,,5,2,1,1,3,,20,2,0,,1,1,1,0,,2,2,2,2,2,2,2,0,2,0,1,2,1,2,2,4377,1,2,1,2,0,0,1
11B193,23,40145,2,1,0,1,41,221,2,51,3,3,7,1,1,1,2,1,2,1,1,4,,2,2,2,2,1,2,,2,0,2,1,1,,0,0,,0,0,0,0,0,0,0,0,0,,0,0,0,0,0,,3,3,,1,1,1,1,1,3,30,2,1,1,,0,0,0,1,4,,20,2,0,,4,1,2,0,,2,2,2,2,2,2,2,0,1,1,1,2,1,1,2,19414,1,2,1,2,0,2,1
11B193,23,40145,3,1,0,3,41,221,1,22,7,3,1,1,1,2,1,2,1,1,0,0,,0,0,0,0,0,0,,0,0,0,0,0,,3,4,,1,2,2,2,2,2,2,2,2,,2,0,1,1,1,,0,0,,0,0,0,0,0,0,0,0,0,0,,5,2,1,5,2,,60,1,5,,1,2,1,0,,1,2,2,2,2,2,2,0,1,1,1,1,1,1,1,33092,1,3,1,0,3,0,1
11B193,23,40145,4,1,0,1,41,221,1,48,3,3,1,1,2,2,2,2,2,2,0,0,,0,0,0,0,0,0,,0,0,0,0,0,,0,0,,0,0,0,0,0,0,0,0,0,,0,0,0,0,0,,0,0,,0,0,0,0,0,0,0,0,0,0,,0,0,0,0,0,,0,0,0,,0,0,0,1,,2,2,2,2,2,2,2,0,2,0,1,2,2,2,2,40095,4,4,2,0,0,0,2
12B187,23,40154,1,1,0,1,41,221,1,42,3,3,1,1,1,2,2,1,2,2,0,0,,0,0,0,0,0,0,,0,0,0,0,0,,0,0,,0,0,0,0,0,0,0,0,0,,0,0,0,0,0,,7,3,,1,1,2,1,1,1,0,1,2,1,,0,0,0,0,0,,40,2,0,,4,4,1,0,,2,2,2,2,2,1,1,2,2,0,1,1,1,1,1,23097,1,3,1,0,0,1,1
12B187,23,40154,3,1,0,1,41,221,1,44,2,6,1,1,1,1,2,2,2,1,1,5,,2,2,1,2,2,2,,2,0,2,1,1,,0,0,,0,0,0,0,0,0,0,0,0,,0,0,0,0,0,,0,0,,0,0,0,0,0,0,0,0,0,0,,0,0,0,5,4,,60,1,5,,2,3,1,0,,2,2,2,2,2,2,2,0,2,0,1,2,2,2,1,15398,1,2,1,2,0,0,1
12B187,23,40154,4,1,0,1,41,221,2,53,4,3,1,1,1,1,2,1,1,1,2,4,,2,2,2,1,2,2,,2,0,1,2,1,,0,0,,0,0,0,0,0,0,0,0,0,,0,0,0,0,0,,7,4,,1,2,2,1,1,2,0,2,1,2,,2,1,2,1,4,,30,1,7,VER LA TELE,2,2,2,0,,2,2,2,2,1,1,1,2,2,0,1,2,2,1,1,12987,1,2,1,1,0,2,1
12B194,23,40274,1,1,0,2,41,221,2,37,4,3,1,1,1,1,2,2,2,2,7,4,,2,1,1,1,2,2,,1,0,1,2,4,,0,0,,0,0,0,0,0,0,0,0,0,,0,0,0,0,0,,0,0,,0,0,0,0,0,0,0,0,0,0,,0,0,0,0,0,,120,2,0,,2,3,1,0,,1,2,2,1,1,1,1,2,1,5,1,2,1,2,1,21247,1,1,1,1,0,0,1
12B194,23,40274,4,1,0,2,41,221,2,34,7,4,7,1,1,1,1,2,1,1,3,4,,2,2,1,2,2,2,,2,0,2,1,1,,2,4,,2,2,2,2,2,1,2,2,2,,3,120,2,1,1,,0,0,,0,0,0,0,0,0,0,0,0,0,,5,2,1,5,4,,90,2,0,,2,2,2,0,,2,2,2,2,1,1,1,2,1,1,1,1,1,1,1,13761,1,2,1,2,2,0,1
12B194,23,40274,3,1,0,4,41,221,1,36,3,3,1,1,1,1,2,2,2,2,1,4,,2,2,1,2,2,2,,2,0,2,1,1,,0,0,,0,0,0,0,0,0,0,0,0,,0,0,0,0,0,,0,0,,0,0,0,0,0,0,0,0,0,0,,0,0,0,0,0,,60,2,0,,2,3,1,0,,2,2,2,2,2,1,1,2,1,1,1,1,2,2,2,31399,1,1,1,2,0,0,1
12B188,23,40281,4,1,0,1,41,221,1,76,2,4,7,1,1,1,1,1,1,2,1,5,,2,2,1,2,2,2,,3,200,2,1,1,,2,5,,2,2,2,2,1,2,2,2,2,,2,0,2,1,1,,7,4,,2,2,2,2,1,3,28,2,1,1,,5,2,1,0,0,,30,2,0,,1,1,2,0,,2,2,2,2,2,1,1,2,2,0,1,1,2,2,2,36061,1,2,1,2,2,2,1
12B188,23,40281,2,1,0,1,41,221,2,54,3,2,1,1,1,2,1,2,2,1,0,0,,0,0,0,0,0,0,,0,0,0,0,0,,2,4,,2,2,2,2,1,2,2,2,2,,2,0,2,1,1,,0,0,,0,0,0,0,0,0,0,0,0,0,,0,0,0,5,5,,30,1,7,VER LA TELE,2,1,2,0,,2,2,2,2,2,1,1,1,2,0,1,3,2,1,3,19792,1,3,1,0,2,0,1
12B188,23,40281,1,1,0,1,41,221,2,47,3,3,1,1,2,2,2,2,2,2,0,0,,0,0,0,0,0,0,,0,0,0,0,0,,0,0,,0,0,0,0,0,0,0,0,0,,0,0,0,0,0,,0,0,,0,0,0,0,0,0,0,0,0,0,,0,0,0,0,0,,0,0,0,,0,0,0,3,,2,2,2,2,2,1,2,0,2,0,1,2,2,2,2,13195,4,4,2,0,0,0,2
12B195,23,40310,1,1,0,1,41,221,1,35,3,3,4,1,2,2,2,2,2,2,0,0,,0,0,0,0,0,0,,0,0,0,0,0,,0,0,,0,0,0,0,0,0,0,0,0,,0,0,0,0,0,,0,0,,0,0,0,0,0,0,0,0,0,0,,0,0,0,0,0,,0,0,0,,0,0,0,1,,2,2,2,2,2,2,2,0,2,0,1,1,1,2,1,6863,4,4,2,0,0,0,2
12B195,23,40310,2,1,0,1,41,221,1,43,3,3,1,1,1,1,2,1,2,2,3,4,,2,2,2,1,2,2,,2,0,2,1,1,,0,0,,0,0,0,0,0,0,0,0,0,,0,0,0,0,0,,6,3,,2,1,2,2,1,2,0,2,1,4,,0,0,0,0,0,,10,2,0,,3,1,2,0,,2,2,2,2,1,1,1,2,2,0,1,2,2,2,2,6863,1,2,1,2,0,2,1
12B195,23,40310,4,1,0,1,41,221,2,33,3,3,7,1,1,2,2,2,1,2,0,0,,0,0,0,0,0,0,,0,0,0,0,0,,0,0,,0,0,0,0,0,0,0,0,0,,0,0,0,0,0,,0,0,,0,0,0,0,0,0,0,0,0,0,,5,2,1,0,0,,10,2,0,,2,3,2,0,,2,2,2,2,2,2,2,0,2,0,1,1,1,1,1,12031,1,3,1,0,0,0,2
12B195,23,40310,3,1,0,1,41,221,1,43,2,6,4,1,1,1,1,1,1,2,2,4,,1,2,2,2,2,2,,3,200,2,1,1,,2,4,,2,2,1,2,2,2,1,2,2,,2,0,2,1,1,,7,3,,1,1,1,1,1,2,0,2,1,1,,5,2,1,0,0,,20,2,0,,2,1,1,0,,2,2,2,2,1,1,1,2,1,1,1,1,1,1,1,20589,1,2,1,2,2,2,1
13B195,23,40342,2,1,0,2,41,221,2,32,2,6,7,1,1,2,2,1,2,2,0,0,,0,0,0,0,0,0,,0,0,0,0,0,,0,0,,0,0,0,0,0,0,0,0,0,,0,0,0,0,0,,4,4,,2,2,2,1,1,3,20,2,1,1,,0,0,0,0,0,,5,2,0,,2,3,2,0,,2,2,2,2,2,2,2,0,2,0,1,2,1,2,2,30680,1,3,1,0,0,2,1
13B195,23,40342,3,1,0,2,41,221,2,43,2,5,1,1,2,2,2,2,2,2,0,0,,0,0,0,0,0,0,,0,0,0,0,0,,0,0,,0,0,0,0,0,0,0,0,0,,0,0,0,0,0,,0,0,,0,0,0,0,0,0,0,0,0,0,,0,0,0,0,0,,0,0,0,,0,0,0,1,,2,2,2,2,2,2,2,0,2,0,1,2,1,2,1,31581,4,4,2,0,0,0,2
13B195,23,40342,1,1,0,2,41,221,2,38,2,3,7,1,2,2,2,1,1,2,0,0,,0,0,0,0,0,0,,0,0,0,0,0,,0,0,,0,0,0,0,0,0,0,0,0,,0,0,0,0,0,,1,4,,2,2,2,2,1,2,0,2,1,1,,5,2,1,0,0,,10,2,0,,2,2,2,0,,2,2,2,2,2,2,2,0,2,0,1,1,1,2,2,47371,3,3,1,0,0,2,1
13A191,23,40344,2,1,0,1,41,221,1,25,2,3,1,1,2,2,2,1,2,2,0,0,,0,0,0,0,0,0,,0,0,0,0,0,,0,0,,0,0,0,0,0,0,0,0,0,,0,0,0,0,0,,3,4,,2,2,2,2,1,2,0,2,1,2,,0,0,0,0,0,,3,2,0,,3,2,2,0,,2,2,2,2,1,1,1,1,2,0,1,2,2,2,1,17246,3,3,1,0,0,2,1
13A191,23,40344,3,1,0,1,41,221,1,35,0, ,3,2,0,0,0,0,0,0,0,0,,0,0,0,0,0,0,,0,0,0,0,0,,0,0,,0,0,0,0,0,0,0,0,0,,0,0,0,0,0,,0,0,,0,0,0,0,0,0,0,0,0,0,,0,0,0,0,0,,0,0,0,,0,0,0,0,,0,0,0,0,0,0,0,0,0,0,0,0,0,0,0,8273,0,0,0,0,0,0,0
13A191,23,40344,4,1,0,2,41,221,1,51,0, ,1,1,1,1,2,1,2,2,10,4,,1,2,2,2,2,2,,2,0,2,1,1,,0,0,,0,0,0,0,0,0,0,0,0,,0,0,0,0,0,,7,4,,1,1,1,1,1,3,35,2,1,1,,0,0,0,0,0,,20,2,0,,2,2,2,0,,2,2,2,2,2,1,1,1,2,0,2,0,0,0,0,17295,1,2,1,2,0,2,1
13A191,23,40344,1,1,0,1,41,221,2,57,2,6,1,1,1,1,2,1,2,2,2,4,,2,2,1,2,2,2,,3,350,2,1,1,,0,0,,0,0,0,0,0,0,0,0,0,,0,0,0,0,0,,2,4,,2,1,2,2,1,2,0,2,1,5,EN LA LAVANDERÍA,0,0,0,0,0,,20,2,0,,1,1,2,0,,2,2,2,2,2,2,2,0,2,0,1,2,1,1,1,22592,1,2,1,2,0,2,1
12A191,23,40345,1,1,0,2,41,221,2,37,8,1,1,1,1,1,2,2,2,1,32,6,POR HÁBITO,1,1,2,1,1,2,,3,7500,2,1,1,,0,0,,0,0,0,0,0,0,0,0,0,,0,0,0,0,0,,0,0,,0,0,0,0,0,0,0,0,0,0,,0,0,0,1,1,,120,1,7,VER LA TELE,2,3,1,0,,2,2,2,1,2,1,2,0,1,5,1,2,1,2,2,14093,1,2,1,2,0,0,1
12A191,23,40345,3,1,0,3,41,221,2,19,4,3,6,1,1,1,2,2,2,2,6,4,,2,1,1,2,2,2,,1,0,1,2,1,,0,0,,0,0,0,0,0,0,0,0,0,,0,0,0,0,0,,0,0,,0,0,0,0,0,0,0,0,0,0,,0,0,0,0,0,,60,1,5,,2,3,1,0,,2,2,2,2,2,1,1,2,1,2,1,1,1,1,1,19479,1,1,1,1,0,0,1
12A191,23,40345,4,1,1,1,41,221,2,38,7,5,1,1,1,1,1,1,2,1,4,4,,2,1,2,1,1,2,,1,0,1,2,1,,2,4,,2,2,2,2,2,2,1,1,2,,1,0,1,2,1,,1,4,,1,2,2,1,1,1,0,1,2,1,,0,0,0,3,4,,45,2,0,,3,4,1,0,,2,2,2,2,2,2,2,0,1,4,1,2,2,2,2,14093,1,2,1,1,1,1,1
12A191,23,40345,2,1,0,3,41,221,2,26,7,4,1,1,1,1,2,2,2,2,3,4,,2,1,2,2,2,2,,3,700,2,1,1,,0,0,,0,0,0,0,0,0,0,0,0,,0,0,0,0,0,,0,0,,0,0,0,0,0,0,0,0,0,0,,0,0,0,0,0,,60,2,0,,3,3,1,0,,1,2,2,2,2,2,2,0,2,0,1,1,1,2,2,20536,1,1,1,2,0,0,1
12B193,24,40014,4,1,0,1,7,221,1,30,7,3,1,1,2,2,2,2,2,1,0,0,,0,0,0,0,0,0,,0,0,0,0,0,,0,0,,0,0,0,0,0,0,0,0,0,,0,0,0,0,0,,0,0,,0,0,0,0,0,0,0,0,0,0,,0,0,0,5,4,,30,1,5,,2,3,1,0,,2,2,2,2,3,1,2,0,3,0,1,1,1,1,1,15089,3,3,1,0,0,0,2
12B193,24,40014,3,1,0,1,7,221,1,70,4,2,1,1,1,1,1,2,2,2,5,4,,2,2,1,1,2,2,,3,800,2,1,1,,3,4,,2,2,1,1,2,1,2,2,2,,3,200,2,1,1,,0,0,,0,0,0,0,0,0,0,0,0,0,,0,0,0,0,0,,60,2,0,,1,2,2,0,,1,2,2,2,2,1,2,0,1,3,1,2,2,2,2,8343,1,2,1,2,2,0,1
12B193,24,40014,1,1,0,2,7,221,2,72,3,3,7,1,1,2,1,2,2,2,0,0,,0,0,0,0,0,0,,0,0,0,0,0,,2,4,,2,2,1,2,2,2,2,2,2,,2,0,2,1,1,,0,0,,0,0,0,0,0,0,0,0,0,0,,0,0,0,0,0,,10,2,0,,4,4,2,0,,2,2,2,2,2,2,2,0,1,6,1,3,3,3,3,15531,1,3,1,0,2,0,1
11B196,24,40025,1,1,0,2,7,221,2,31,3,2,7,1,1,1,1,1,2,1,4,3,,2,2,2,1,1,2,,3,150,2,1,1,,6,3,,2,2,2,1,2,2,2,1,2,,2,0,2,1,1,,7,3,,1,1,1,1,1,2,0,2,1,1,,0,0,0,2,4,,60,2,0,,4,3,2,0,,2,2,2,2,1,1,1,1,1,1,1,1,1,1,1,16085,1,2,1,2,2,2,1
11B196,24,40025,2,1,0,1,7,221,1,57,2,6,1,1,2,2,2,2,2,2,0,0,,0,0,0,0,0,0,,0,0,0,0,0,,0,0,,0,0,0,0,0,0,0,0,0,,0,0,0,0,0,,0,0,,0,0,0,0,0,0,0,0,0,0,,0,0,0,0,0,,0,0,0,,0,0,0,3,,2,2,2,2,2,2,2,0,1,1,1,2,1,2,2,41336,4,4,2,0,0,0,2
11B196,24,40025,4,1,0,2,7,221,2,39,3,3,7,1,1,1,1,1,2,2,3,2,,1,2,2,2,2,2,,2,0,2,1,1,,3,2,,2,2,1,2,2,2,2,2,2,,3,200,2,1,1,,3,4,,1,2,1,1,1,3,36,2,1,1,,0,0,0,0,0,,30,2,0,,2,2,2,0,,2,1,2,2,2,2,2,0,2,0,1,2,1,2,3,24834,1,2,1,2,2,2,1
11B196,24,40025,3,1,0,4,7,221,1,22,4,2,4,1,1,1,1,1,2,1,3,4,,2,2,1,2,1,2,,3,250,2,1,1,,3,3,,1,1,2,2,2,2,2,2,2,,3,150,2,1,1,,5,3,,1,1,1,1,1,3,120,2,1,1,,0,0,0,1,3,,30,2,0,,2,3,2,0,,2,1,2,2,1,1,1,2,1,2,1,1,1,1,1,49466,1,2,1,2,2,2,1
11A192,24,40031,4,1,0,1,7,221,2,44,3,3,7,1,1,2,2,1,2,2,0,0,,0,0,0,0,0,0,,0,0,0,0,0,,0,0,,0,0,0,0,0,0,0,0,0,,0,0,0,0,0,,1,3,,2,1,2,2,1,2,0,2,1,1,,0,0,0,0,0,,15,2,0,,2,2,2,0,,2,2,2,2,2,1,1,1,1,2,1,1,1,1,2,10407,1,3,1,0,0,2,1
11A192,24,40031,1,1,0,2,7,221,2,50,3,3,7,1,2,2,2,2,2,2,0,0,,0,0,0,0,0,0,,0,0,0,0,0,,0,0,,0,0,0,0,0,0,0,0,0,,0,0,0,0,0,,0,0,,0,0,0,0,0,0,0,0,0,0,,0,0,0,0,0,,0,0,0,,0,0,0,3,,2,2,2,2,2,3,2,0,2,0,1,2,1,3,1,9729,4,4,2,0,0,0,2
11A192,24,40031,2,1,0,1,7,221,1,47,3,3,1,1,1,1,2,1,2,2,3,3,,2,2,1,1,2,2,,2,0,2,1,1,,0,0,,0,0,0,0,0,0,0,0,0,,0,0,0,0,0,,1,3,,2,2,2,2,1,2,0,2,1,2,,0,0,0,0,0,,20,2,0,,1,4,2,0,,1,1,2,2,1,1,1,2,1,1,1,1,1,1,1,6028,1,2,1,2,0,2,1
11A192,24,40031,3,1,0,3,7,221,1,27,3,3,1,1,2,2,2,2,2,1,0,0,,0,0,0,0,0,0,,0,0,0,0,0,,0,0,,0,0,0,0,0,0,0,0,0,,0,0,0,0,0,,0,0,,0,0,0,0,0,0,0,0,0,0,,0,0,0,1,3,,30,2,0,,3,3,2,0,,2,2,2,2,1,1,1,2,1,1,1,1,1,1,1,18033,3,3,1,0,0,0,2
13A192,24,40060,2,1,0,1,7,221,1,81,7,5,8,1,1,1,1,2,2,2,2,3,,2,2,2,1,1,2,,1,0,1,2,1,,1,3,,2,2,1,2,2,2,2,2,2,,1,0,1,2,1,,0,0,,0,0,0,0,0,0,0,0,0,0,,0,0,0,0,0,,30,2,0,,1,4,1,0,,2,2,2,2,1,1,1,1,1,3,1,3,3,2,2,7250,1,2,1,1,1,0,1
13A192,24,40060,1,1,0,2,7,221,1,53,7,5,1,1,1,1,1,1,2,2,5,3,,2,2,2,2,1,2,,3,3000,2,1,1,,15,3,,2,1,1,2,1,2,2,2,2,,2,0,2,1,1,,1,3,,1,1,2,2,2,3,10,2,1,1,,0,0,0,0,0,,120,2,0,,2,3,1,0,,2,1,2,2,2,1,1,1,1,5,1,2,1,1,1,19724,1,2,1,2,2,2,1
13A192,24,40060,3,1,0,1,7,221,2,66,7,3,8,1,1,1,1,2,2,2,4,3,,2,2,2,1,1,2,,2,0,2,1,1,,1,4,,2,2,2,2,1,2,2,2,2,,2,0,2,1,1,,0,0,,0,0,0,0,0,0,0,0,0,0,,0,0,0,0,0,,45,2,0,,2,4,2,0,,2,2,2,2,1,1,2,0,1,3,1,2,2,1,1,6748,1,2,1,2,2,0,1
13B196,24,40118,3,1,0,1,7,221,1,83,8,1,8,1,1,1,1,1,2,2,12,3,,2,2,2,1,1,2,,3,2000,2,1,1,,3,3,,2,2,1,2,2,1,2,2,2,,2,0,2,1,1,,7,3,,1,1,1,1,1,3,70,2,1,1,,0,0,0,0,0,,60,2,0,,2,4,2,0,,2,2,2,2,1,1,1,2,1,5,1,1,1,1,1,24679,1,2,1,2,2,2,1
13B196,24,40118,1,1,0,1,7,221,2,68,4,2,8,1,2,2,2,2,2,2,0,0,,0,0,0,0,0,0,,0,0,0,0,0,,0,0,,0,0,0,0,0,0,0,0,0,,0,0,0,0,0,,0,0,,0,0,0,0,0,0,0,0,0,0,,0,0,0,0,0,,0,0,0,,0,0,0,5,,2,2,2,2,1,1,2,0,1,4,1,2,2,2,2,7657,4,4,2,0,0,0,2
13B196,24,40118,4,1,0,1,7,221,2,80,7,5,7,1,1,1,2,2,2,2,2,3,,2,2,2,1,2,2,,2,0,2,1,1,,0,0,,0,0,0,0,0,0,0,0,0,,0,0,0,0,0,,0,0,,0,0,0,0,0,0,0,0,0,0,,0,0,0,0,0,,15,2,0,,2,3,2,0,,2,2,2,2,2,1,2,0,1,2,1,1,3,1,1,7657,1,1,1,2,0,0,1
13B196,24,40118,2,1,0,2,7,221,2,59,7,5,1,1,1,1,2,2,2,2,60,3,,2,2,1,1,1,2,,3,24000,2,1,1,,0,0,,0,0,0,0,0,0,0,0,0,,0,0,0,0,0,,0,0,,0,0,0,0,0,0,0,0,0,0,,0,0,0,0,0,,180,2,0,,4,4,1,0,,2,2,2,2,1,1,1,2,1,5,1,1,1,1,1,12994,1,1,1,2,0,0,1
12B194,24,40276,4,1,0,2,7,221,2,64,3,3,7,1,1,1,2,1,2,2,1,5,,2,2,1,2,2,2,,2,0,2,1,1,,0,0,,0,0,0,0,0,0,0,0,0,,0,0,0,0,0,,3,3,,1,2,2,2,1,2,0,2,1,1,,0,0,0,0,0,,20,2,0,,2,3,2,0,,2,2,2,2,2,2,2,0,2,0,1,2,1,2,2,22747,1,2,1,2,0,2,1
12B194,24,40276,2,1,0,4,7,221,2,33,4,2,1,1,1,2,1,2,2,1,0,0,,0,0,0,0,0,0,,0,0,0,0,0,,2,4,,2,2,1,2,2,2,2,2,2,,3,100,2,1,1,,0,0,,0,0,0,0,0,0,0,0,0,0,,0,0,0,5,4,,45,2,0,,2,3,2,0,,2,2,2,2,2,1,1,2,1,1,1,1,1,1,1,36508,1,3,1,0,2,0,1
13B194,24,40278,2,1,0,4,7,221,1,23,7,4,6,1,2,1,2,2,2,1,1,2,,2,1,2,2,2,2,,1,0,1,2,3,,0,0,,0,0,0,0,0,0,0,0,0,,0,0,0,0,0,,0,0,,0,0,0,0,0,0,0,0,0,0,,0,0,0,2,4,,30,2,0,,4,3,1,0,,2,2,2,2,1,2,1,2,1,3,1,1,1,1,1,38632,3,2,1,1,0,0,1
13B194,24,40278,3,1,0,2,7,221,2,42,7,5,1,1,1,1,2,2,2,2,2,4,,2,2,2,1,2,2,,3,400,2,1,1,,0,0,,0,0,0,0,0,0,0,0,0,,0,0,0,0,0,,0,0,,0,0,0,0,0,0,0,0,0,0,,0,0,0,0,0,,30,2,0,,2,3,1,0,,2,2,2,2,2,2,2,0,2,0,1,2,1,1,1,16163,1,1,1,2,0,0,1
13B194,24,40278,4,1,0,1,7,221,1,53,7,5,1,1,1,1,2,1,2,2,2,3,,2,2,1,2,2,2,,3,320,2,1,1,,0,0,,0,0,0,0,0,0,0,0,0,,0,0,0,0,0,,1,3,,1,1,1,1,1,3,10,2,1,1,,0,0,0,0,0,,20,2,0,,2,4,1,0,,2,2,2,2,1,1,2,0,1,3,1,2,1,1,1,28084,1,2,1,2,0,2,1
13B194,24,40278,1,1,0,2,7,221,2,24,7,4,4,1,1,2,1,2,2,2,0,0,,0,0,0,0,0,0,,0,0,0,0,0,,1,3,,2,2,2,1,2,2,2,2,2,,2,0,2,1,1,,0,0,,0,0,0,0,0,0,0,0,0,0,,0,0,0,0,0,,20,2,0,,2,3,1,0,,2,2,2,2,1,1,1,2,1,3,1,1,1,1,1,44681,1,3,1,0,2,0,1
13B188,24,40279,1,1,0,1,7,221,1,67,3,3,8,1,1,2,1,2,2,2,0,0,,0,0,0,0,0,0,,0,0,0,0,0,,1,4,,1,2,2,2,2,2,2,2,2,,2,0,2,1,1,,0,0,,0,0,0,0,0,0,0,0,0,0,,0,0,0,0,0,,20,2,0,,2,3,2,0,,2,2,2,2,1,1,1,1,1,2,1,1,1,1,1,49161,1,3,1,0,2,0,1
13B188,24,40279,3,1,0,2,7,221,2,60,6,3,7,1,2,2,2,2,2,2,0,0,,0,0,0,0,0,0,,0,0,0,0,0,,0,0,,0,0,0,0,0,0,0,0,0,,0,0,0,0,0,,0,0,,0,0,0,0,0,0,0,0,0,0,,0,0,0,0,0,,0,0,0,,0,0,0,3,,1,2,2,2,2,2,2,0,1,2,1,1,1,1,1,31059,4,4,2,0,0,0,2
13B188,24,40279,2,1,0,1,7,221,1,68,3,3,8,1,2,2,2,2,2,2,0,0,,0,0,0,0,0,0,,0,0,0,0,0,,0,0,,0,0,0,0,0,0,0,0,0,,0,0,0,0,0,,0,0,,0,0,0,0,0,0,0,0,0,0,,0,0,0,0,0,,0,0,0,,0,0,0,5,,2,2,2,2,2,2,2,0,2,0,1,2,2,2,2,39329,4,4,2,0,0,0,2
12B188,24,40284,2,1,0,1,7,221,1,22,7,2,1,1,2,2,2,2,2,1,0,0,,0,0,0,0,0,0,,0,0,0,0,0,,0,0,,0,0,0,0,0,0,0,0,0,,0,0,0,0,0,,0,0,,0,0,0,0,0,0,0,0,0,0,,0,0,0,1,4,,30,2,0,,2,3,2,0,,2,2,2,2,2,1,2,0,2,0,1,1,1,3,1,6691,3,3,1,0,0,0,2
12B188,24,40284,1,1,0,2,7,221,1,44,7,1,1,1,1,1,2,2,2,2,3,3,,2,2,2,1,1,2,,3,1300,2,1,1,,0,0,,0,0,0,0,0,0,0,0,0,,0,0,0,0,0,,0,0,,0,0,0,0,0,0,0,0,0,0,,0,0,0,0,0,,45,2,0,,3,3,2,0,,1,2,2,2,1,1,2,0,1,2,1,1,1,2,1,12411,1,1,1,2,0,0,1
12B188,24,40284,3,1,1,1,7,221,2,82,0, ,7,2,0,0,0,0,0,0,0,0,,0,0,0,0,0,0,,0,0,0,0,0,,0,0,,0,0,0,0,0,0,0,0,0,,0,0,0,0,0,,0,0,,0,0,0,0,0,0,0,0,0,0,,0,0,0,0,0,,0,0,0,,0,0,0,0,,0,0,0,0,0,0,0,0,0,0,0,0,0,0,0,6657,0,0,0,0,0,0,0
12A191,24,40379,2,1,0,1,7,221,1,62,7,5,8,1,2,2,2,2,2,2,0,0,,0,0,0,0,0,0,,0,0,0,0,0,,0,0,,0,0,0,0,0,0,0,0,0,,0,0,0,0,0,,0,0,,0,0,0,0,0,0,0,0,0,0,,0,0,0,0,0,,0,0,0,,0,0,0,3,,2,2,2,2,2,2,2,0,2,0,1,2,2,2,2,16880,4,4,2,0,0,0,2
12A191,24,40379,1,1,0,1,7,221,1,69,2,6,1,1,1,1,1,1,2,2,1,3,,2,2,2,2,1,2,,2,0,2,1,1,,3,3,,2,2,1,1,2,2,2,2,2,,2,0,2,1,1,,3,3,,1,1,1,1,1,2,0,2,1,1,,0,0,0,0,0,,30,2,0,,2,4,2,0,,2,2,2,2,2,2,2,0,2,0,1,1,1,1,2,7198,1,2,1,2,2,2,1
12A191,24,40379,4,1,0,1,7,221,1,58,6,2,1,1,1,1,2,2,2,2,4,3,,2,2,2,1,1,2,,1,0,1,2,1,,0,0,,0,0,0,0,0,0,0,0,0,,0,0,0,0,0,,0,0,,0,0,0,0,0,0,0,0,0,0,,0,0,0,0,0,,240,2,0,,2,4,1,0,,2,2,2,2,1,1,1,1,1,5,1,1,1,1,1,5627,1,1,1,1,0,0,1
12B195,24,40403,1,1,0,2,7,221,2,49,3,3,1,1,2,2,2,1,2,2,0,0,,0,0,0,0,0,0,,0,0,0,0,0,,0,0,,0,0,0,0,0,0,0,0,0,,0,0,0,0,0,,2,4,,2,2,2,2,1,2,0,2,1,2,,0,0,0,0,0,,10,2,0,,2,2,2,0,,2,2,2,2,2,3,2,0,3,0,1,2,1,2,2,32584,3,3,1,0,0,2,1
12B195,24,40403,2,1,0,3,7,221,1,21,7,1,6,1,1,1,1,2,2,1,5,2,,2,1,2,2,1,2,,3,3000,2,1,1,,4,3,,2,1,2,1,2,1,2,2,2,,3,350,2,1,1,,0,0,,0,0,0,0,0,0,0,0,0,0,,0,0,0,1,2,,60,2,0,,3,3,1,0,,2,2,1,1,1,1,1,2,1,1,1,1,1,1,1,55542,1,2,1,2,2,0,1
12B196,25,40020,1,1,0,1,24,221,2,75,2,4,7,1,2,2,2,2,2,1,0,0,,0,0,0,0,0,0,,0,0,0,0,0,,0,0,,0,0,0,0,0,0,0,0,0,,0,0,0,0,0,,0,0,,0,0,0,0,0,0,0,0,0,0,,0,0,0,2,4,,30,2,0,,2,3,1,0,,2,2,2,2,2,2,2,0,2,0,1,2,2,3,2,15850,3,3,1,0,0,0,2
12B196,25,40020,2,1,0,1,24,221,2,28,3,3,7,1,2,2,2,2,2,1,0,0,,0,0,0,0,0,0,,0,0,0,0,0,,0,0,,0,0,0,0,0,0,0,0,0,,0,0,0,0,0,,0,0,,0,0,0,0,0,0,0,0,0,0,,0,0,0,1,4,,10,2,0,,1,2,2,0,,2,2,2,2,2,2,2,0,2,0,1,1,1,1,1,19427,3,3,1,0,0,0,2
12B196,25,40020,3,1,0,1,24,221,1,33,7,1,1,1,1,1,2,1,2,1,2,4,,2,2,1,2,2,2,,2,0,2,1,1,,0,0,,0,0,0,0,0,0,0,0,0,,0,0,0,0,0,,1,4,,2,1,1,2,1,2,0,2,1,2,,0,0,0,2,4,,30,2,0,,2,3,1,0,,1,2,2,2,2,2,2,0,1,1,1,2,1,1,1,15399,1,2,1,2,0,2,1
12A192,25,40059,4,1,0,2,24,221,2,29,7,5,1,1,2,2,2,2,2,1,0,0,,0,0,0,0,0,0,,0,0,0,0,0,,0,0,,0,0,0,0,0,0,0,0,0,,0,0,0,0,0,,0,0,,0,0,0,0,0,0,0,0,0,0,,0,0,0,1,4,,5,2,0,,2,3,2,0,,2,2,2,2,2,1,1,2,2,0,1,1,1,1,1,14550,3,3,1,0,0,0,2
12A192,25,40059,3,1,0,3,24,221,2,21,7,1,6,1,1,1,2,2,2,1,4,4,,2,1,2,1,2,2,,1,0,1,2,1,,0,0,,0,0,0,0,0,0,0,0,0,,0,0,0,0,0,,0,0,,0,0,0,0,0,0,0,0,0,0,,0,0,0,2,3,,20,2,0,,2,4,1,0,,2,2,2,2,2,1,2,0,1,1,1,1,1,1,1,31052,1,2,1,1,0,0,1
12A192,25,40059,1,1,0,2,24,221,1,34,7,5,1,1,1,1,2,1,2,1,2,1,,2,1,2,2,2,2,,3,50,2,1,2,,0,0,,0,0,0,0,0,0,0,0,0,,0,0,0,0,0,,3,3,,2,1,1,2,1,2,0,1,2,1,,0,0,0,1,3,,20,2,0,,2,3,1,0,,1,2,2,2,2,1,2,0,1,3,1,1,1,1,1,25950,1,2,1,2,0,1,1
12A192,25,40059,2,1,0,3,24,221,2,28,4,3,1,1,2,2,2,2,2,2,0,0,,0,0,0,0,0,0,,0,0,0,0,0,,0,0,,0,0,0,0,0,0,0,0,0,,0,0,0,0,0,,0,0,,0,0,0,0,0,0,0,0,0,0,,0,0,0,0,0,,0,0,0,,0,0,0,3,,2,2,2,2,2,2,2,0,2,0,1,1,1,1,1,36373,4,4,2,0,0,0,2
12B193,25,40079,4,1,0,1,24,221,2,30,7,5,1,1,1,2,2,2,2,1,0,0,,0,0,0,0,0,0,,0,0,0,0,0,,0,0,,0,0,0,0,0,0,0,0,0,,0,0,0,0,0,,0,0,,0,0,0,0,0,0,0,0,0,0,,0,0,0,2,3,,20,2,0,,2,3,2,0,,2,2,2,2,2,2,2,0,1,1,1,1,1,1,1,7500,1,3,1,0,0,0,2
12B193,25,40079,2,1,0,3,24,221,1,24,6,3,1,1,1,1,2,1,2,1,2,2,,2,2,2,1,2,2,,1,0,1,2,2,,0,0,,0,0,0,0,0,0,0,0,0,,0,0,0,0,0,,7,4,,1,1,1,2,1,3,49,2,1,2,,0,0,0,2,4,,60,2,0,,2,4,2,0,,1,1,1,1,2,2,2,0,2,0,1,3,1,1,2,36904,1,2,1,1,0,2,1
12B193,25,40079,1,1,0,1,24,221,1,37,7,2,1,1,1,1,2,2,2,2,4,3,,2,2,2,1,2,2,,2,0,2,1,1,,0,0,,0,0,0,0,0,0,0,0,0,,0,0,0,0,0,,0,0,,0,0,0,0,0,0,0,0,0,0,,0,0,0,0,0,,60,2,0,,2,3,2,0,,2,2,2,2,2,1,1,1,1,4,1,1,1,1,2,8557,1,1,1,2,0,0,1
13B193,25,40115,3,1,1,2,24,221,2,29,7,5,1,1,1,2,1,2,2,1,0,0,,0,0,0,0,0,0,,0,0,0,0,0,,2,3,,2,2,2,1,2,2,2,2,2,,1,0,1,2,1,,0,0,,0,0,0,0,0,0,0,0,0,0,,0,0,0,2,3,,15,2,0,,1,3,1,0,,2,2,2,2,1,2,2,0,1,3,1,3,1,3,1,20148,1,3,1,0,1,0,1
13B193,25,40115,4,1,0,1,24,221,1,43,3,3,1,1,1,2,2,2,2,2,0,0,,0,0,0,0,0,0,,0,0,0,0,0,,0,0,,0,0,0,0,0,0,0,0,0,,0,0,0,0,0,,0,0,,0,0,0,0,0,0,0,0,0,0,,0,0,0,0,0,,0,0,0,,0,0,0,3,,2,2,2,2,2,2,2,0,2,0,1,1,2,2,1,45974,2,4,2,0,0,0,2
12B187,25,40150,3,1,0,1,24,221,2,57,9,3,1,1,1,1,1,2,2,1,3,2,,2,1,2,2,2,2,,1,0,1,2,1,,3,1,,2,2,2,2,2,2,1,2,2,,1,0,1,2,1,,0,0,,0,0,0,0,0,0,0,0,0,0,,0,0,0,1,1,,30,1,6,,2,3,1,0,,2,2,2,2,1,2,1,3,1,5,1,1,1,2,2,14492,1,2,1,1,1,0,1
12B187,25,40150,4,1,0,1,24,221,2,58,4,2,1,1,1,1,1,2,2,1,2,2,,2,2,1,2,2,2,,2,0,1,2,1,,3,1,,2,2,1,2,2,2,1,2,2,,1,0,1,2,1,,0,0,,0,0,0,0,0,0,0,0,0,0,,0,0,0,2,2,,30,1,6,,2,1,1,0,,2,2,2,2,2,1,2,0,1,1,1,2,1,3,3,21737,1,2,1,1,1,0,1
13B187,25,40154,2,1,0,1,24,221,2,55,4,3,1,1,1,1,1,2,2,2,2,4,,2,2,2,1,2,2,,3,350,2,1,1,,4,4,,2,2,2,2,2,2,2,1,2,,3,200,2,1,1,,0,0,,0,0,0,0,0,0,0,0,0,0,,0,0,0,0,0,,60,2,0,,2,4,1,0,,2,1,2,2,2,1,1,2,1,1,1,2,1,1,2,9293,1,2,1,2,2,0,1
13B187,25,40154,4,1,0,2,24,221,2,34,3,3,7,1,2,2,2,2,2,1,0,0,,0,0,0,0,0,0,,0,0,0,0,0,,0,0,,0,0,0,0,0,0,0,0,0,,0,0,0,0,0,,0,0,,0,0,0,0,0,0,0,0,0,0,,0,0,0,1,4,,10,2,0,,2,3,2,0,,2,2,2,2,2,2,2,0,1,2,1,2,2,2,2,17898,3,3,1,0,0,0,2
11B194,25,40244,4,1,0,3,24,221,2,37,3,2,7,1,2,2,2,2,2,2,0,0,,0,0,0,0,0,0,,0,0,0,0,0,,0,0,,0,0,0,0,0,0,0,0,0,,0,0,0,0,0,,0,0,,0,0,0,0,0,0,0,0,0,0,,0,0,0,0,0,,0,0,0,,0,0,0,1,,2,2,2,2,2,1,1,2,1,1,1,1,1,1,1,26131,4,4,2,0,0,0,2
11B194,25,40244,1,1,0,2,24,221,2,62,2,6,7,2,0,0,0,0,0,0,0,0,,0,0,0,0,0,0,,0,0,0,0,0,,0,0,,0,0,0,0,0,0,0,0,0,,0,0,0,0,0,,0,0,,0,0,0,0,0,0,0,0,0,0,,0,0,0,0,0,,0,0,0,,0,0,0,0,,0,0,0,0,0,0,0,0,0,0,0,0,0,0,0,36906,0,0,0,0,0,0,0
11B194,25,40244,2,1,0,3,24,221,1,25,7,4,6,1,1,1,1,1,1,1,2,4,,2,2,2,1,2,2,,3,200,2,1,1,,3,2,,2,2,1,2,2,2,2,1,2,,2,0,1,2,1,,1,4,,2,1,2,2,2,1,0,1,2,1,,3,1,2,2,2,,130,1,5,,2,3,1,0,,1,2,2,2,2,1,1,2,1,2,1,1,1,2,2,24149,1,2,1,2,1,1,1
11B194,25,40244,3,1,0,3,24,221,1,25,7,5,1,1,2,2,2,2,2,2,0,0,,0,0,0,0,0,0,,0,0,0,0,0,,0,0,,0,0,0,0,0,0,0,0,0,,0,0,0,0,0,,0,0,,0,0,0,0,0,0,0,0,0,0,,0,0,0,0,0,,0,0,0,,0,0,0,1,,2,2,2,2,2,1,1,2,1,1,1,3,1,1,2,18112,4,4,2,0,0,0,2
11B188,25,40283,1,1,0,3,24,221,1,29,3,1,1,1,2,2,1,2,1,2,0,0,,0,0,0,0,0,0,,0,0,0,0,0,,2,4,,2,2,2,2,2,2,2,1,2,,2,0,2,1,1,,0,0,,0,0,0,0,0,0,0,0,0,0,,5,2,1,0,0,,30,2,0,,2,3,1,0,,2,1,2,2,2,1,1,2,1,2,1,1,2,1,1,15721,3,3,1,0,2,0,1
11B188,25,40283,4,1,0,1,24,221,1,35,7,5,1,1,1,2,2,1,2,1,0,0,,0,0,0,0,0,0,,0,0,0,0,0,,0,0,,0,0,0,0,0,0,0,0,0,,0,0,0,0,0,,2,4,,1,1,1,1,1,3,20,2,1,1,,0,0,0,2,4,,30,2,0,,2,3,1,0,,1,2,1,2,1,1,1,2,1,1,1,1,1,1,1,15084,1,3,1,0,0,2,1
11B188,25,40283,3,1,0,1,24,221,2,66,2,5,7,1,1,2,1,2,2,1,0,0,,0,0,0,0,0,0,,0,0,0,0,0,,1,4,,2,2,2,2,2,2,2,2,1,POR ENTRETENIMIENTO,2,0,2,1,1,,0,0,,0,0,0,0,0,0,0,0,0,0,,0,0,0,2,4,,30,2,0,,2,3,1,0,,2,2,2,2,1,2,2,0,1,1,1,2,1,1,2,8090,1,3,1,0,2,0,1
11B188,25,40283,2,1,0,3,24,221,1,29,7,5,1,1,1,1,2,2,2,2,1,1,,2,2,1,2,2,2,,2,0,2,1,2,,0,0,,0,0,0,0,0,0,0,0,0,,0,0,0,0,0,,0,0,,0,0,0,0,0,0,0,0,0,0,,0,0,0,0,0,,40,2,0,,2,3,2,0,,2,2,2,2,2,2,2,0,1,1,1,2,1,2,2,31441,1,1,1,2,0,0,1
12B195,25,40306,4,1,0,1,24,221,2,60,7,1,8,1,1,1,2,2,2,1,5,4,,2,2,1,1,2,2,,1,0,1,2,1,,0,0,,0,0,0,0,0,0,0,0,0,,0,0,0,0,0,,0,0,,0,0,0,0,0,0,0,0,0,0,,0,0,0,2,4,,30,1,7,CUANDO ESCRIBE,1,3,1,0,,2,2,2,2,2,1,1,1,1,1,1,3,1,2,2,6656,1,2,1,1,0,0,1
12B195,25,40306,3,1,0,3,24,221,1,20,3,2,1,1,2,2,2,2,2,1,0,0,,0,0,0,0,0,0,,0,0,0,0,0,,0,0,,0,0,0,0,0,0,0,0,0,,0,0,0,0,0,,0,0,,0,0,0,0,0,0,0,0,0,0,,0,0,0,2,4,,10,2,0,,1,2,2,0,,2,2,2,2,3,1,1,2,1,1,1,1,1,1,1,23655,3,3,1,0,0,0,2
12B195,25,40306,1,1,0,1,24,221,2,76,1,2,7,1,1,1,2,1,2,2,2,4,,2,2,2,1,2,2,,2,0,2,1,1,,0,0,,0,0,0,0,0,0,0,0,0,,0,0,0,0,0,,7,4,,2,2,2,1,1,3,49,2,1,1,,0,0,0,0,0,,10,1,7,QUEHACER EN EL HOGAR,2,3,2,0,,2,2,2,2,2,2,2,0,2,0,1,2,1,1,2,15689,1,2,1,2,0,2,1
12B195,25,40306,2,1,0,1,24,221,1,39,7,5,1,1,1,1,2,1,2,1,4,4,,2,2,2,1,2,2,,2,0,2,1,1,,0,0,,0,0,0,0,0,0,0,0,0,,0,0,0,0,0,,1,4,,1,2,1,1,2,2,0,2,1,1,,0,0,0,1,4,,10,2,0,,4,4,2,0,,1,2,2,1,2,2,2,0,2,0,1,2,2,2,2,14625,1,2,1,2,0,2,1
12A191,25,40311,4,1,0,4,24,221,2,22,7,5,1,1,1,1,2,2,2,1,2,4,,2,2,2,2,1,2,,1,0,1,2,1,,0,0,,0,0,0,0,0,0,0,0,0,,0,0,0,0,0,,0,0,,0,0,0,0,0,0,0,0,0,0,,0,0,0,1,4,,130,2,0,,3,2,1,0,,2,2,2,1,1,1,2,0,1,2,1,1,1,1,1,20743,1,2,1,1,0,0,1
12A191,25,40311,3,1,0,1,24,221,1,74,0, ,1,2,0,0,0,0,0,0,0,0,,0,0,0,0,0,0,,0,0,0,0,0,,0,0,,0,0,0,0,0,0,0,0,0,,0,0,0,0,0,,0,0,,0,0,0,0,0,0,0,0,0,0,,0,0,0,0,0,,0,0,0,,0,0,0,0,,0,0,0,0,0,0,0,0,0,0,0,0,0,0,0,12780,0,0,0,0,0,0,0
12A191,25,40311,2,1,0,2,24,221,2,60,6,2,1,1,1,2,2,2,2,1,0,0,,0,0,0,0,0,0,,0,0,0,0,0,,0,0,,0,0,0,0,0,0,0,0,0,,0,0,0,0,0,,0,0,,0,0,0,0,0,0,0,0,0,0,,0,0,0,2,4,,15,2,0,,2,3,1,0,,2,2,2,2,2,2,2,0,1,2,1,2,1,2,2,20186,1,3,1,0,0,0,2
11B195,25,40403,4,1,0,2,24,221,2,23,3,3,7,1,2,2,2,1,2,1,0,0,,0,0,0,0,0,0,,0,0,0,0,0,,0,0,,0,0,0,0,0,0,0,0,0,,0,0,0,0,0,,1,4,,1,2,1,2,1,2,0,2,1,1,,0,0,0,2,4,,5,2,0,,2,3,2,0,,2,2,2,2,2,2,2,0,2,0,1,2,2,2,2,18950,3,3,1,0,0,2,1
11A191,25,40412,1,1,0,1,24,221,2,32,4,3,1,1,1,1,1,2,2,1,3,4,,2,2,2,1,2,2,,2,0,2,1,1,,1,4,,2,2,2,2,1,2,2,2,2,,2,0,2,1,1,,0,0,,0,0,0,0,0,0,0,0,0,0,,0,0,0,2,4,,10,2,0,,2,3,2,0,,2,2,2,2,2,1,1,2,1,1,1,1,1,1,2,6716,1,2,1,2,2,0,1
11A191,25,40412,2,1,1,4,24,221,1,18,3,3,1,1,2,2,2,2,2,2,0,0,,0,0,0,0,0,0,,0,0,0,0,0,,0,0,,0,0,0,0,0,0,0,0,0,,0,0,0,0,0,,0,0,,0,0,0,0,0,0,0,0,0,0,,0,0,0,0,0,,0,0,0,,0,0,0,2,,2,2,2,2,2,2,2,0,2,0,1,3,2,2,2,33047,4,4,2,0,0,0,2
11A191,25,40412,3,1,1,2,24,221,2,42,4,3,1,1,2,2,2,2,2,2,0,0,,0,0,0,0,0,0,,0,0,0,0,0,,0,0,,0,0,0,0,0,0,0,0,0,,0,0,0,0,0,,0,0,,0,0,0,0,0,0,0,0,0,0,,0,0,0,0,0,,0,0,0,,0,0,0,3,,2,2,2,2,2,1,2,0,2,0,1,2,1,1,2,20739,4,4,2,0,0,0,2
12B193,26,40015,1,1,0,1,25,221,2,28,3,3,1,1,1,1,1,1,2,1,50,4,,2,2,2,1,2,2,,1,0,1,2,1,,4,4,,2,2,2,2,2,2,2,1,2,,2,0,2,1,1,,1,3,,2,2,1,1,1,2,0,2,1,1,,0,0,0,2,4,,120,2,0,,4,3,1,0,,1,1,2,2,2,2,2,0,1,1,1,1,1,1,1,7277,1,2,1,1,2,2,1
12B193,26,40015,2,1,0,1,25,221,1,39,7,5,1,1,2,2,2,2,2,2,0,0,,0,0,0,0,0,0,,0,0,0,0,0,,0,0,,0,0,0,0,0,0,0,0,0,,0,0,0,0,0,,0,0,,0,0,0,0,0,0,0,0,0,0,,0,0,0,0,0,,0,0,0,,0,0,0,1,,2,2,2,2,2,1,2,0,1,1,1,1,1,1,1,16606,4,4,2,0,0,0,2
12B193,26,40015,3,1,0,2,25,221,1,43,7,5,2,1,1,1,2,2,2,2,1,3,,2,2,1,2,2,2,,2,0,2,1,1,,0,0,,0,0,0,0,0,0,0,0,0,,0,0,0,0,0,,0,0,,0,0,0,0,0,0,0,0,0,0,,0,0,0,0,0,,20,2,0,,3,3,2,0,,2,2,2,2,1,1,2,0,1,1,1,1,1,1,1,33212,1,1,1,2,0,0,1
12A192,26,40096,2,1,0,1,25,221,1,66,3,1,1,1,1,1,2,2,2,2,1,4,,2,2,1,2,2,2,,2,0,2,1,1,,0,0,,0,0,0,0,0,0,0,0,0,,0,0,0,0,0,,0,0,,0,0,0,0,0,0,0,0,0,0,,0,0,0,0,0,,30,2,0,,2,3,2,0,,2,2,2,2,2,2,2,0,2,0,1,2,1,2,1,19477,1,1,1,2,0,0,1
12A192,26,40096,3,1,0,2,25,221,2,34,7,5,1,1,1,2,1,2,2,1,0,0,,0,0,0,0,0,0,,0,0,0,0,0,,4,4,,2,2,2,2,2,2,2,1,2,,2,0,2,1,1,,0,0,,0,0,0,0,0,0,0,0,0,0,,0,0,0,2,4,,15,2,0,,2,3,2,0,,2,2,2,2,1,1,2,0,1,1,1,1,1,1,1,14812,1,3,1,0,2,0,1
12A192,26,40096,1,1,0,2,25,221,2,47,3,3,7,1,1,1,1,2,2,2,6,6,AYUDAR A SUS NIETOS EN LA LECTURA DE LIBROS DE TEXTO,2,1,2,2,2,2,,2,0,2,1,1,,10,4,,2,2,2,2,2,2,2,1,2,,2,0,2,1,1,,0,0,,0,0,0,0,0,0,0,0,0,0,,0,0,0,0,0,,20,2,0,,2,1,2,0,,2,2,2,2,2,1,2,0,1,1,1,1,1,1,1,28506,1,2,1,2,2,0,1
12B196,26,40120,1,1,0,1,25,221,2,42,3,3,1,1,2,2,2,2,2,2,0,0,,0,0,0,0,0,0,,0,0,0,0,0,,0,0,,0,0,0,0,0,0,0,0,0,,0,0,0,0,0,,0,0,,0,0,0,0,0,0,0,0,0,0,,0,0,0,0,0,,0,0,0,,0,0,0,1,,2,2,2,2,1,1,1,1,1,1,1,1,1,1,3,14620,4,4,2,0,0,0,2
12B196,26,40120,4,1,0,1,25,221,2,42,3,3,1,1,1,1,2,2,2,2,6,2,,2,1,2,2,2,2,,2,0,2,1,1,,0,0,,0,0,0,0,0,0,0,0,0,,0,0,0,0,0,,0,0,,0,0,0,0,0,0,0,0,0,0,,0,0,0,0,0,,60,2,0,,2,3,2,0,,2,2,2,2,1,1,1,2,1,1,1,1,1,1,1,7311,1,1,1,2,0,0,1
12B196,26,40120,3,1,0,2,25,221,1,39,3,3,1,1,2,2,2,1,2,2,0,0,,0,0,0,0,0,0,,0,0,0,0,0,,0,0,,0,0,0,0,0,0,0,0,0,,0,0,0,0,0,,4,3,,2,2,2,2,1,3,48,2,1,1,,0,0,0,0,0,,15,2,0,,2,3,2,0,,2,2,2,2,2,1,2,0,1,1,1,2,1,1,1,24308,3,3,1,0,0,2,1
12B196,26,40120,2,1,0,2,25,221,2,60,2,6,7,1,2,1,2,2,2,2,4,2,,2,1,2,2,2,2,,2,0,2,1,1,,0,0,,0,0,0,0,0,0,0,0,0,,0,0,0,0,0,,0,0,,0,0,0,0,0,0,0,0,0,0,,0,0,0,0,0,,10,2,0,,1,2,2,0,,2,2,2,2,2,2,2,0,2,0,1,2,2,2,2,14749,3,1,1,2,0,0,1
13B193,26,40146,3,1,0,2,25,221,1,19,4,3,1,1,1,1,2,1,1,2,6,4,,2,2,2,2,1,2,,1,0,1,1,1,,0,0,,0,0,0,0,0,0,0,0,0,,0,0,0,0,0,,1,3,,2,1,1,1,1,2,0,2,1,2,,2,1,2,0,0,,30,1,7,REVISAR MENSAJES DE WHATSAPP,4,3,1,0,,2,2,2,2,1,1,1,2,1,1,1,1,1,1,1,31379,1,2,1,3,0,2,1
13B193,26,40146,1,1,0,1,25,221,2,34,4,3,1,1,1,1,2,1,2,2,1,4,,2,2,2,1,2,2,,2,0,2,1,1,,0,0,,0,0,0,0,0,0,0,0,0,,0,0,0,0,0,,1,3,,2,1,1,1,2,2,0,2,1,2,,0,0,0,0,0,,10,2,0,,2,3,2,0,,2,2,2,2,2,1,2,0,1,1,1,1,1,1,1,8503,1,2,1,2,0,2,1
13B193,26,40146,2,1,0,2,25,221,2,42,3,3,7,1,1,1,1,1,2,1,5,4,,2,2,1,1,2,2,,3,2000,2,1,1,,3,4,,2,2,1,1,2,2,1,2,2,,3,100,2,1,1,,2,3,,2,2,1,1,2,3,50,2,1,1,,0,0,0,5,3,,40,2,0,,2,3,1,0,,1,2,2,2,2,1,1,1,1,1,1,1,1,1,1,17505,1,2,1,2,2,2,1
13B187,26,40151,4,1,1,1,25,221,2,32,7,4,1,1,1,1,2,2,2,1,5,6,QUITAR EL ESTRÉS,2,2,2,1,2,2,,1,0,1,1,1,,0,0,,0,0,0,0,0,0,0,0,0,,0,0,0,0,0,,0,0,,0,0,0,0,0,0,0,0,0,0,,0,0,0,5,1,,90,2,0,,2,4,1,0,,2,2,2,2,1,1,1,2,1,5,1,1,1,1,1,8427,1,2,1,3,0,0,1
13B187,26,40151,3,1,0,1,25,221,2,30,3,3,1,1,1,1,2,2,2,2,2,3,,2,2,1,2,2,2,,3,200,2,1,1,,0,0,,0,0,0,0,0,0,0,0,0,,0,0,0,0,0,,0,0,,0,0,0,0,0,0,0,0,0,0,,0,0,0,0,0,,30,2,0,,2,3,1,0,,2,2,2,2,2,1,1,2,2,0,1,2,1,2,2,8427,1,1,1,2,0,0,1
13B187,26,40151,2,1,0,3,25,221,2,81,2,2,7,1,1,1,2,2,2,2,1,5,,2,2,1,2,2,2,,3,500,2,1,1,,0,0,,0,0,0,0,0,0,0,0,0,,0,0,0,0,0,,0,0,,0,0,0,0,0,0,0,0,0,0,,0,0,0,0,0,,60,2,0,,2,3,2,0,,2,2,2,2,2,2,2,0,2,0,1,2,2,2,2,30943,1,1,1,2,0,0,1
13B187,26,40151,1,1,0,1,25,221,2,57,2,6,1,1,1,2,2,2,2,2,0,0,,0,0,0,0,0,0,,0,0,0,0,0,,0,0,,0,0,0,0,0,0,0,0,0,,0,0,0,0,0,,0,0,,0,0,0,0,0,0,0,0,0,0,,0,0,0,0,0,,0,0,0,,0,0,0,1,,2,2,2,2,2,2,2,0,2,0,1,2,2,2,2,17503,2,4,2,0,0,0,2
12B187,26,40154,2,1,0,1,25,221,1,57,7,5,1,1,1,2,2,1,2,1,0,0,,0,0,0,0,0,0,,0,0,0,0,0,,0,0,,0,0,0,0,0,0,0,0,0,,0,0,0,0,0,,7,3,,1,1,2,2,1,1,0,1,2,1,,0,0,0,1,3,,15,2,0,,3,3,2,0,,2,2,2,2,2,1,2,0,1,3,1,2,1,2,2,6803,1,3,1,0,0,1,1
12B194,26,40273,3,1,0,2,25,221,2,52,7,5,1,1,2,2,2,2,2,2,0,0,,0,0,0,0,0,0,,0,0,0,0,0,,0,0,,0,0,0,0,0,0,0,0,0,,0,0,0,0,0,,0,0,,0,0,0,0,0,0,0,0,0,0,,0,0,0,0,0,,0,0,0,,0,0,0,3,,2,2,2,2,1,1,1,2,1,1,1,1,1,1,1,35576,4,4,2,0,0,0,2
12B194,26,40273,2,1,0,1,25,221,2,53,7,5,8,1,1,1,1,1,2,2,4,4,,2,1,1,1,2,2,,3,1200,2,1,1,,1,3,,2,2,2,1,2,2,2,2,2,,1,0,1,2,1,,3,3,,2,1,1,2,1,1,0,1,2,1,,0,0,0,0,0,,60,2,0,,4,4,1,0,,1,2,2,1,1,1,1,2,1,5,1,1,1,2,1,21346,1,2,1,2,1,1,1
12B194,26,40273,1,1,0,2,25,221,2,45,6,3,7,1,1,1,2,2,2,1,1,4,,2,2,1,2,2,2,,3,230,2,1,1,,0,0,,0,0,0,0,0,0,0,0,0,,0,0,0,0,0,,0,0,,0,0,0,0,0,0,0,0,0,0,,0,0,0,2,3,,30,2,0,,2,3,1,0,,2,2,2,2,2,2,2,0,2,0,1,2,2,2,2,14231,1,2,1,2,0,0,1
12B194,26,40273,4,1,0,1,25,221,2,52,3,3,1,1,2,2,2,2,2,2,0,0,,0,0,0,0,0,0,,0,0,0,0,0,,0,0,,0,0,0,0,0,0,0,0,0,,0,0,0,0,0,,0,0,,0,0,0,0,0,0,0,0,0,0,,0,0,0,0,0,,0,0,0,,0,0,0,1,,2,2,2,2,1,1,2,0,1,1,1,2,1,2,2,21346,4,4,2,0,0,0,2
12B188,26,40278,2,1,0,4,25,221,2,35,7,5,1,1,1,2,1,2,2,2,0,0,,0,0,0,0,0,0,,0,0,0,0,0,,2,1,,2,2,2,2,2,1,2,2,2,,1,0,1,2,2,,0,0,,0,0,0,0,0,0,0,0,0,0,,0,0,0,0,0,,30,2,0,,2,3,1,0,,2,2,2,2,2,1,2,0,2,0,1,1,1,1,1,28115,1,3,1,0,1,0,1
12B188,26,40278,4,1,0,3,25,221,1,28,7,5,1,1,1,1,2,1,1,1,1,3,,2,1,2,2,2,2,,3,800,2,1,1,,0,0,,0,0,0,0,0,0,0,0,0,,0,0,0,0,0,,1,4,,1,2,2,2,1,2,0,2,1,1,,5,1,2,1,1,,60,1,5,,3,3,1,0,,1,2,2,1,2,1,1,2,1,2,1,1,1,1,2,24357,1,2,1,2,0,2,1
12B188,26,40278,3,1,1,1,25,221,1,26,3,3,1,1,1,1,1,1,1,1,2,3,,2,2,2,1,2,2,,3,200,2,1,1,,3,3,,2,1,1,2,2,2,2,2,2,,1,0,1,2,1,,1,3,,1,2,2,1,1,1,0,1,2,1,,3,2,1,5,3,,60,2,0,,3,2,2,0,,2,2,2,2,2,1,2,0,1,1,1,2,2,1,1,16238,1,2,1,2,1,1,1
13B195,26,40307,3,1,0,1,25,221,2,69,4,3,7,1,1,1,1,1,2,2,5,4,,2,2,1,1,1,2,,2,0,2,1,1,,1,3,,2,2,2,2,2,2,2,1,2,,2,0,2,1,1,,4,3,,1,2,1,1,1,3,24,2,1,1,,0,0,0,0,0,,10,1,7,TOMAR CAFÉ,4,3,1,0,,2,2,2,2,1,1,1,2,1,1,1,1,1,1,1,10354,1,2,1,2,2,2,1
13B195,26,40307,4,1,0,1,25,221,2,73,6,3,7,1,1,2,2,2,2,2,0,0,,0,0,0,0,0,0,,0,0,0,0,0,,0,0,,0,0,0,0,0,0,0,0,0,,0,0,0,0,0,,0,0,,0,0,0,0,0,0,0,0,0,0,,0,0,0,0,0,,0,0,0,,0,0,0,3,,2,2,2,2,2,2,2,0,2,0,1,2,1,1,1,10354,2,4,2,0,0,0,2
13B195,26,40307,1,1,0,1,25,221,1,72,3,3,7,1,2,2,2,2,2,2,0,0,,0,0,0,0,0,0,,0,0,0,0,0,,0,0,,0,0,0,0,0,0,0,0,0,,0,0,0,0,0,,0,0,,0,0,0,0,0,0,0,0,0,0,,0,0,0,0,0,,0,0,0,,0,0,0,1,,2,2,2,2,2,1,2,0,1,1,1,1,1,2,2,22247,4,4,2,0,0,0,2
11A191,26,40312,2,1,0,1,25,221,1,53,4,3,1,1,2,2,2,2,2,2,0,0,,0,0,0,0,0,0,,0,0,0,0,0,,0,0,,0,0,0,0,0,0,0,0,0,,0,0,0,0,0,,0,0,,0,0,0,0,0,0,0,0,0,0,,0,0,0,0,0,,0,0,0,,0,0,0,1,,2,2,2,2,2,2,2,0,1,1,1,1,2,2,2,24294,4,4,2,0,0,0,2
11A191,26,40312,4,1,0,4,25,221,2,26,7,5,1,1,1,1,2,2,2,1,1,3,,2,2,2,1,2,2,,3,79,1,2,1,,0,0,,0,0,0,0,0,0,0,0,0,,0,0,0,0,0,,0,0,,0,0,0,0,0,0,0,0,0,0,,0,0,0,3,3,,20,2,0,,3,3,1,0,,2,2,2,2,1,1,2,0,1,2,1,1,1,1,2,27166,1,2,1,1,0,0,1
11A191,26,40312,1,1,0,1,25,221,2,74,2,5,7,1,1,1,2,2,2,2,5,3,,2,2,1,2,2,2,,2,0,1,1,1,,0,0,,0,0,0,0,0,0,0,0,0,,0,0,0,0,0,,0,0,,0,0,0,0,0,0,0,0,0,0,,0,0,0,0,0,,60,2,0,,2,3,2,0,,2,2,2,2,2,2,2,0,2,0,1,1,1,1,2,16625,1,1,1,3,0,0,1
13A191,26,40346,3,1,0,2,25,221,2,44,7,2,1,1,2,2,2,2,2,2,0,0,,0,0,0,0,0,0,,0,0,0,0,0,,0,0,,0,0,0,0,0,0,0,0,0,,0,0,0,0,0,,0,0,,0,0,0,0,0,0,0,0,0,0,,0,0,0,0,0,,0,0,0,,0,0,0,1,,2,2,2,2,2,1,2,0,1,1,1,1,1,1,1,16671,4,4,2,0,0,0,2
13A191,26,40346,4,1,0,2,25,221,1,60,6,2,1,1,1,2,2,2,2,2,0,0,,0,0,0,0,0,0,,0,0,0,0,0,,0,0,,0,0,0,0,0,0,0,0,0,,0,0,0,0,0,,0,0,,0,0,0,0,0,0,0,0,0,0,,0,0,0,0,0,,0,0,0,,0,0,0,1,,2,2,2,2,2,2,2,0,2,0,1,1,1,1,2,24973,2,4,2,0,0,0,2
13A191,26,40346,1,1,0,1,25,221,1,25,7,4,1,1,1,1,1,2,1,1,10,3,,2,1,2,2,2,2,,3,1400,2,1,1,,10,1,,1,2,2,1,2,2,2,2,2,,1,0,1,2,1,,0,0,,0,0,0,0,0,0,0,0,0,0,,2,1,2,2,3,,40,2,0,,4,4,1,0,,2,2,2,2,2,2,2,0,1,2,1,2,2,2,2,19258,1,2,1,2,1,0,1
13A191,26,40346,2,1,0,1,25,221,2,41,7,5,7,1,1,1,2,1,2,1,1,4,,2,2,1,2,2,2,,3,80,2,1,1,,0,0,,0,0,0,0,0,0,0,0,0,,0,0,0,0,0,,2,3,,2,2,2,1,1,3,24,2,1,1,,0,0,0,1,3,,15,1,7,LABORES DEL HOGAR,2,4,2,0,,2,2,2,2,1,1,1,2,1,2,1,1,1,1,1,16671,1,2,1,2,0,2,1
11B195,26,40405,1,1,0,1,25,221,1,52,6,3,4,1,2,2,2,2,2,2,0,0,,0,0,0,0,0,0,,0,0,0,0,0,,0,0,,0,0,0,0,0,0,0,0,0,,0,0,0,0,0,,0,0,,0,0,0,0,0,0,0,0,0,0,,0,0,0,0,0,,0,0,0,,0,0,0,1,,2,2,2,2,2,2,2,0,2,0,1,1,2,2,2,6537,4,4,2,0,0,0,2
11B195,26,40405,4,1,0,2,25,221,1,48,3,3,4,1,1,1,2,2,2,2,1,2,,2,2,1,2,2,2,,3,400,2,1,1,,0,0,,0,0,0,0,0,0,0,0,0,,0,0,0,0,0,,0,0,,0,0,0,0,0,0,0,0,0,0,,0,0,0,0,0,,30,2,0,,2,1,2,0,,2,2,2,2,2,1,2,0,1,1,1,2,1,1,1,13073,1,1,1,2,0,0,1
11B195,26,40405,2,1,0,2,25,221,2,66,2,2,7,2,0,0,0,0,0,0,0,0,,0,0,0,0,0,0,,0,0,0,0,0,,0,0,,0,0,0,0,0,0,0,0,0,,0,0,0,0,0,,0,0,,0,0,0,0,0,0,0,0,0,0,,0,0,0,0,0,,0,0,0,,0,0,0,0,,0,0,0,0,0,0,0,0,0,0,0,0,0,0,0,20127,0,0,0,0,0,0,0
11B195,26,40405,3,1,0,2,25,221,2,53,4,1,7,1,1,1,1,1,2,2,1,4,,2,2,1,2,2,2,,2,0,2,1,1,,1,4,,2,2,2,2,2,2,2,1,2,,3,50,2,1,1,,3,3,,1,2,1,2,1,3,24,2,1,1,,0,0,0,0,0,,20,2,0,,2,1,2,0,,2,2,2,2,2,1,2,0,1,1,1,1,1,1,1,15824,1,2,1,2,2,2,1
12B193,27,40049,4,1,0,1,18,221,2,45,4,1,3,1,1,1,1,2,2,2,1,6,PARA AYUDA EN TAREAS ESCOLARES,2,1,2,2,2,2,,2,0,2,1,1,,3,1,,2,2,1,2,2,2,2,2,2,,3,200,2,1,1,,0,0,,0,0,0,0,0,0,0,0,0,0,,0,0,0,0,0,,20,1,6,,2,1,1,0,,2,2,2,2,2,1,2,0,1,1,1,1,1,1,2,20655,1,2,1,2,2,0,1
12B193,27,40049,3,1,0,1,18,221,1,49,2,1,9,2,0,0,0,0,0,0,0,0,,0,0,0,0,0,0,,0,0,0,0,0,,0,0,,0,0,0,0,0,0,0,0,0,,0,0,0,0,0,,0,0,,0,0,0,0,0,0,0,0,0,0,,0,0,0,0,0,,0,0,0,,0,0,0,0,,0,0,0,0,0,0,0,0,0,0,0,0,0,0,0,8531,0,0,0,0,0,0,0
12B193,27,40049,1,1,0,2,18,221,1,50,4,2,1,1,2,2,1,2,2,2,0,0,,0,0,0,0,0,0,,0,0,0,0,0,,1,1,,2,2,2,2,2,1,2,2,2,,1,0,1,2,1,,0,0,,0,0,0,0,0,0,0,0,0,0,,0,0,0,0,0,,30,2,0,,1,2,1,0,,2,2,2,2,2,3,2,0,2,0,1,2,1,1,2,17064,3,3,1,0,1,0,1
12B193,27,40049,2,1,0,1,18,221,2,32,4,3,3,1,1,2,1,2,2,1,0,0,,0,0,0,0,0,0,,0,0,0,0,0,,1,3,,2,2,2,1,2,2,2,2,2,,1,0,1,2,1,,0,0,,0,0,0,0,0,0,0,0,0,0,,0,0,0,3,3,,20,2,0,,2,3,1,0,,2,2,2,2,1,1,2,0,1,1,1,1,1,1,1,7155,1,3,1,0,1,0,1
12B196,27,40054,1,1,0,1,18,221,2,41,7,5,1,1,1,1,2,1,2,1,9,1,,2,1,2,2,2,2,,1,0,1,2,2,,0,0,,0,0,0,0,0,0,0,0,0,,0,0,0,0,0,,2,1,,1,2,2,2,2,1,0,1,2,2,,0,0,0,2,1,,20,2,0,,2,3,1,0,,2,2,2,2,1,1,1,3,1,2,1,2,1,2,1,13084,1,2,1,1,0,1,1
12B196,27,40054,4,1,0,1,18,221,1,36,3,3,1,1,1,2,1,2,2,1,0,0,,0,0,0,0,0,0,,0,0,0,0,0,,2,3,,2,1,2,2,2,2,2,2,2,,1,0,1,2,2,,0,0,,0,0,0,0,0,0,0,0,0,0,,0,0,0,3,3,,30,2,0,,2,2,1,0,,2,2,2,2,1,1,1,1,1,1,1,2,1,2,2,14502,1,3,1,0,1,0,1
12B196,27,40054,3,1,0,1,18,221,1,30,7,4,1,1,2,2,2,2,1,2,0,0,,0,0,0,0,0,0,,0,0,0,0,0,,0,0,,0,0,0,0,0,0,0,0,0,,0,0,0,0,0,,0,0,,0,0,0,0,0,0,0,0,0,0,,2,1,2,0,0,,20,2,0,,4,4,1,0,,2,2,2,2,1,1,1,1,1,2,1,1,1,1,1,15114,3,3,1,0,0,0,2
12B196,27,40054,2,1,0,3,18,221,1,46,7,4,4,1,1,2,1,1,2,2,0,0,,0,0,0,0,0,0,,0,0,0,0,0,,1,3,,1,2,2,2,2,2,2,2,2,,1,0,1,2,1,,5,3,,2,1,1,2,1,1,0,1,2,1,,0,0,0,0,0,,10,2,0,,2,3,1,0,,2,2,2,2,3,1,1,2,1,1,1,1,1,1,3,22736,1,3,1,0,1,1,1
12B187,27,40153,2,1,0,1,18,221,2,30,7,5,1,1,1,1,2,2,2,1,8,4,,2,1,1,1,2,2,,1,0,1,1,1,,0,0,,0,0,0,0,0,0,0,0,0,,0,0,0,0,0,,0,0,,0,0,0,0,0,0,0,0,0,0,,0,0,0,5,3,,120,2,0,,2,3,1,0,,2,2,2,2,1,1,1,2,1,5,1,2,1,3,3,5868,1,2,1,3,0,0,1
12B187,27,40153,1,1,0,1,18,221,2,60,7,5,1,1,1,1,1,1,2,2,1,5,,2,2,1,2,2,2,,2,0,2,1,1,,2,5,,2,2,2,2,1,2,2,2,2,,2,0,2,1,1,,2,4,,1,2,1,1,1,3,30,2,1,1,,0,0,0,0,0,,30,2,0,,2,3,1,0,,2,2,2,2,2,2,3,0,3,0,1,2,1,2,2,6094,1,2,1,2,2,2,1
12B187,27,40153,3,1,0,1,18,221,1,34,4,3,4,1,2,2,2,1,2,1,0,0,,0,0,0,0,0,0,,0,0,0,0,0,,0,0,,0,0,0,0,0,0,0,0,0,,0,0,0,0,0,,2,4,,1,2,1,2,1,3,20,2,1,1,,0,0,0,5,4,,10,2,0,,3,4,1,0,,2,2,2,2,2,1,1,2,1,1,1,1,1,2,2,13954,3,3,1,0,0,2,1
12A192,27,40159,2,1,0,1,18,221,2,61,6,3,8,1,1,1,2,2,2,2,1,5,,2,2,1,2,2,2,,3,1800,2,1,1,,0,0,,0,0,0,0,0,0,0,0,0,,0,0,0,0,0,,0,0,,0,0,0,0,0,0,0,0,0,0,,0,0,0,0,0,,30,2,0,,1,3,1,0,,2,2,2,2,1,1,1,1,1,1,1,1,1,1,1,11234,1,1,1,2,0,0,1
12A192,27,40159,3,1,0,4,18,221,2,38,7,5,1,1,1,1,1,1,2,1,3,2,,2,1,2,2,2,2,,1,0,1,2,1,,4,2,,2,2,2,2,2,1,2,2,2,,1,0,1,2,1,,3,3,,1,1,1,1,2,3,30,2,1,1,,0,0,0,1,2,,120,2,0,,2,3,1,0,,2,2,2,2,1,1,1,1,1,3,1,1,1,1,1,33405,1,2,1,1,1,2,1
12A192,27,40159,4,1,0,1,18,221,2,31,8,3,1,1,1,1,1,2,2,1,3,1,,2,1,2,1,2,2,,3,800,1,2,1,,1,3,,2,2,2,2,2,1,2,2,2,,1,0,1,2,1,,0,0,,0,0,0,0,0,0,0,0,0,0,,0,0,0,3,3,,30,2,0,,4,3,1,0,,1,2,2,1,2,1,2,0,1,3,1,1,1,1,1,10818,1,2,1,1,1,0,1
12A192,27,40159,1,1,0,1,18,221,2,45,4,2,7,1,1,1,2,2,1,1,1,2,,2,1,2,2,2,2,,3,490,2,1,1,,0,0,,0,0,0,0,0,0,0,0,0,,0,0,0,0,0,,0,0,,0,0,0,0,0,0,0,0,0,0,,3,2,1,2,2,,30,2,0,,4,2,1,0,,2,2,2,2,2,1,1,2,1,1,1,1,1,1,1,26023,1,2,1,2,0,0,1
11B194,27,40278,2,1,0,1,18,221,1,54,3,3,1,1,1,1,2,1,2,2,2,5,,2,2,1,2,2,2,,2,0,2,1,1,,0,0,,0,0,0,0,0,0,0,0,0,,0,0,0,0,0,,4,4,,1,1,1,2,1,3,24,2,1,1,,0,0,0,0,0,,20,2,0,,2,2,1,0,,2,2,2,2,1,1,1,1,1,1,1,1,1,1,1,7074,1,2,1,2,0,2,1
11B194,27,40278,4,1,0,1,18,221,1,63,2,2,1,1,1,2,1,1,2,2,0,0,,0,0,0,0,0,0,,0,0,0,0,0,,1,4,,1,2,2,2,2,2,2,2,2,,2,0,2,1,1,,1,4,,2,1,2,2,1,3,15,2,1,1,,0,0,0,0,0,,20,2,0,,2,3,2,0,,2,2,2,2,2,1,1,2,2,0,1,2,1,1,2,24394,1,3,1,0,2,2,1
11B194,27,40278,3,1,0,2,18,221,2,61,4,3,7,1,1,1,1,2,2,2,1,5,,2,2,1,2,2,2,,2,0,2,1,1,,2,3,,2,2,2,2,2,2,1,2,2,,2,0,2,1,1,,0,0,,0,0,0,0,0,0,0,0,0,0,,0,0,0,0,0,,20,2,0,,1,2,2,0,,2,2,2,2,2,2,2,0,2,0,1,2,2,2,2,12321,1,2,1,2,2,0,1
11B194,27,40278,1,1,0,2,18,221,2,48,3,3,1,1,2,2,2,2,2,2,0,0,,0,0,0,0,0,0,,0,0,0,0,0,,0,0,,0,0,0,0,0,0,0,0,0,,0,0,0,0,0,,0,0,,0,0,0,0,0,0,0,0,0,0,,0,0,0,0,0,,0,0,0,,0,0,0,2,,2,2,2,2,1,2,2,0,1,1,1,1,1,1,1,11417,4,4,2,0,0,0,2
11B188,27,40281,2,1,0,2,18,221,2,28,4,3,1,1,1,2,2,1,2,2,0,0,,0,0,0,0,0,0,,0,0,0,0,0,,0,0,,0,0,0,0,0,0,0,0,0,,0,0,0,0,0,,5,3,,2,2,1,2,1,1,0,1,2,2,,0,0,0,0,0,,10,2,0,,3,2,2,0,,2,2,2,2,1,2,2,0,2,0,1,1,1,1,1,11794,1,3,1,0,0,1,1
11B188,27,40281,4,1,0,1,18,221,1,60,4,3,8,1,1,1,2,2,2,1,1,1,,1,2,2,2,2,2,,1,0,1,2,1,,0,0,,0,0,0,0,0,0,0,0,0,,0,0,0,0,0,,0,0,,0,0,0,0,0,0,0,0,0,0,,0,0,0,5,1,,30,2,0,,2,3,1,0,,2,2,2,2,2,2,2,0,2,0,1,2,1,1,2,18186,1,2,1,1,0,0,1
11B188,27,40281,1,1,0,2,18,221,2,38,7,5,1,1,1,1,1,1,2,1,2,1,,1,2,2,1,2,2,,1,0,1,2,2,,1,3,,2,2,2,1,2,2,2,2,2,,1,0,1,2,1,,2,1,,1,2,2,2,2,2,0,2,1,2,,0,0,0,1,3,,30,2,0,,2,3,1,0,,2,2,2,2,1,1,1,1,1,1,1,1,1,1,1,12140,1,2,1,1,1,2,1
12B195,27,40339,3,1,0,2,18,221,2,34,7,5,7,1,2,1,1,1,2,1,1,4,,2,2,1,2,2,2,,2,0,2,1,1,,2,4,,2,2,2,2,2,1,2,2,2,,3,110,2,1,1,,1,3,,1,2,1,1,1,1,0,1,2,1,,0,0,0,5,3,,60,2,0,,3,3,1,0,,1,2,2,2,1,1,1,2,1,1,1,1,1,1,1,13612,3,2,1,2,2,1,1
12B195,27,40339,1,1,0,3,18,221,1,24,7,4,1,1,1,1,2,2,2,1,3,1,,2,1,2,2,2,2,,2,0,2,1,1,,0,0,,0,0,0,0,0,0,0,0,0,,0,0,0,0,0,,0,0,,0,0,0,0,0,0,0,0,0,0,,0,0,0,2,6,PARA CAPACITARCE EN LA ENSEÑANZA,30,2,0,,4,3,1,0,,2,2,2,2,2,2,2,0,2,0,1,1,1,1,1,25117,1,2,1,2,0,0,1
12B195,27,40339,4,1,0,1,18,221,1,55,2,6,1,1,1,1,2,2,2,2,3,5,,2,2,1,2,2,2,,2,0,2,1,1,,0,0,,0,0,0,0,0,0,0,0,0,,0,0,0,0,0,,0,0,,0,0,0,0,0,0,0,0,0,0,,0,0,0,0,0,,30,2,0,,1,3,2,0,,2,2,2,2,2,2,2,0,2,0,1,2,1,1,2,13993,1,1,1,2,0,0,1
11A191,27,40348,4,1,1,3,18,221,2,25,7,1,1,1,1,1,2,1,1,1,8,3,,1,1,2,2,1,2,,1,0,1,2,1,,0,0,,0,0,0,0,0,0,0,0,0,,0,0,0,0,0,,7,4,,1,1,1,1,2,1,0,1,2,1,,2,1,2,1,4,,120,2,0,,2,4,1,0,,1,2,2,2,1,1,1,1,1,2,1,1,1,1,1,27131,1,2,1,1,0,1,1
11A191,27,40348,2,1,0,1,18,221,2,83,2,2,7,2,0,0,0,0,0,0,0,0,,0,0,0,0,0,0,,0,0,0,0,0,,0,0,,0,0,0,0,0,0,0,0,0,,0,0,0,0,0,,0,0,,0,0,0,0,0,0,0,0,0,0,,0,0,0,0,0,,0,0,0,,0,0,0,0,,0,0,0,0,0,0,0,0,0,0,0,0,0,0,0,6641,0,0,0,0,0,0,0
11B195,27,40370,1,1,0,1,18,221,2,48,4,3,1,1,1,1,2,2,2,1,5,4,,2,2,1,1,1,2,,1,0,1,2,1,,0,0,,0,0,0,0,0,0,0,0,0,,0,0,0,0,0,,0,0,,0,0,0,0,0,0,0,0,0,0,,0,0,0,5,4,,60,2,0,,3,4,1,0,,2,2,2,2,2,2,1,2,1,1,1,2,1,1,1,3988,1,2,1,1,0,0,1
11B195,27,40370,2,1,0,1,18,221,1,65,2,6,1,1,2,1,2,2,2,2,1,5,,2,2,1,2,2,2,,3,250,2,1,1,,0,0,,0,0,0,0,0,0,0,0,0,,0,0,0,0,0,,0,0,,0,0,0,0,0,0,0,0,0,0,,0,0,0,0,0,,30,2,0,,2,3,2,0,,2,2,2,2,2,2,2,0,2,0,1,2,1,1,2,10899,3,1,1,2,0,0,1
11B195,27,40370,3,1,0,2,18,221,2,55,3,3,7,1,1,1,1,2,2,2,1,5,,2,2,1,2,2,2,,3,200,2,1,1,,4,5,,2,2,2,2,1,2,2,2,1,RELIGIÓN CATÓLICA,3,80,2,1,1,,0,0,,0,0,0,0,0,0,0,0,0,0,,0,0,0,0,0,,30,2,0,,1,2,1,0,,2,2,2,2,1,1,1,1,1,2,1,2,1,1,2,8608,1,2,1,2,2,0,1
11B195,27,40370,4,1,0,1,18,221,1,58,7,4,8,1,1,1,1,2,2,1,2,3,,2,2,1,2,1,2,,3,600,2,1,1,,12,4,,2,1,2,2,2,1,2,2,2,,3,450,2,1,1,,0,0,,0,0,0,0,0,0,0,0,0,0,,0,0,0,1,4,,180,2,0,,4,3,1,0,,2,2,2,2,2,2,2,0,2,0,1,2,2,2,2,12782,1,2,1,2,2,0,1
12A191,27,40376,1,1,0,2,18,221,2,62,6,3,7,1,1,2,1,2,2,1,0,0,,0,0,0,0,0,0,,0,0,0,0,0,,3,4,,2,2,1,2,2,2,2,2,2,,1,0,1,2,1,,0,0,,0,0,0,0,0,0,0,0,0,0,,0,0,0,5,4,,60,2,0,,2,1,1,0,,2,2,2,2,1,1,2,0,1,1,1,1,2,3,1,15041,1,3,1,0,1,0,1
12A191,27,40376,2,1,0,1,18,221,1,36,3,3,3,1,1,1,2,2,2,1,1,4,,2,2,1,2,2,2,,1,0,1,2,1,,0,0,,0,0,0,0,0,0,0,0,0,,0,0,0,0,0,,0,0,,0,0,0,0,0,0,0,0,0,0,,0,0,0,2,2,,25,2,0,,2,3,1,0,,2,2,2,2,1,1,1,2,1,2,1,1,1,2,1,33051,1,2,1,1,0,0,1
12A191,27,40376,3,1,0,2,18,221,2,46,4,2,7,1,1,1,2,2,2,1,2,4,,2,2,1,1,2,2,,2,0,2,1,1,,0,0,,0,0,0,0,0,0,0,0,0,,0,0,0,0,0,,0,0,,0,0,0,0,0,0,0,0,0,0,,0,0,0,2,4,,20,2,0,,1,3,1,0,,2,2,2,2,1,1,2,0,1,1,1,2,1,2,2,20906,1,2,1,2,0,0,1
12A191,27,40376,4,1,0,3,18,221,2,25,7,5,7,1,1,1,1,1,2,1,3,4,,2,2,2,1,2,2,,2,0,2,1,1,,1,2,,2,2,2,2,2,1,2,2,2,,1,0,1,2,1,,1,4,,2,1,1,2,1,1,0,1,2,1,,0,0,0,3,4,,60,2,0,,2,3,1,0,,2,2,2,2,1,1,2,0,1,1,1,1,1,1,1,28969,1,2,1,2,1,1,1
13B193,28,40014,4,1,0,1,10,221,1,55,3,3,1,1,1,2,2,1,2,1,0,0,,0,0,0,0,0,0,,0,0,0,0,0,,0,0,,0,0,0,0,0,0,0,0,0,,0,0,0,0,0,,2,4,,1,1,1,1,1,3,20,2,1,2,,0,0,0,1,4,,35,2,0,,3,3,2,0,,2,2,2,2,2,2,2,0,3,0,1,2,2,2,2,18331,1,3,1,0,0,2,1
13B193,28,40014,1,1,0,2,10,221,1,22,7,3,6,2,0,0,0,0,0,0,0,0,,0,0,0,0,0,0,,0,0,0,0,0,,0,0,,0,0,0,0,0,0,0,0,0,,0,0,0,0,0,,0,0,,0,0,0,0,0,0,0,0,0,0,,0,0,0,0,0,,0,0,0,,0,0,0,0,,0,0,0,0,0,0,0,0,0,0,0,0,0,0,0,21936,0,0,0,0,0,0,0
13B193,28,40014,2,1,0,3,10,221,1,20,4,1,4,1,1,1,2,2,2,2,22,4,,2,1,2,2,2,2,,1,0,1,2,1,,0,0,,0,0,0,0,0,0,0,0,0,,0,0,0,0,0,,0,0,,0,0,0,0,0,0,0,0,0,0,,0,0,0,0,0,,60,2,0,,3,4,2,0,,2,2,2,2,2,2,2,0,1,1,1,1,1,1,1,32904,1,1,1,1,0,0,1
12A192,28,40058,1,1,0,2,10,221,2,50,4,2,7,1,1,2,2,2,2,2,0,0,,0,0,0,0,0,0,,0,0,0,0,0,,0,0,,0,0,0,0,0,0,0,0,0,,0,0,0,0,0,,0,0,,0,0,0,0,0,0,0,0,0,0,,0,0,0,0,0,,0,0,0,,0,0,0,1,,2,2,2,2,2,2,2,0,1,1,1,2,1,1,2,41668,2,4,2,0,0,0,2
12A192,28,40058,4,1,0,3,10,221,2,35,7,4,1,2,0,0,0,0,0,0,0,0,,0,0,0,0,0,0,,0,0,0,0,0,,0,0,,0,0,0,0,0,0,0,0,0,,0,0,0,0,0,,0,0,,0,0,0,0,0,0,0,0,0,0,,0,0,0,0,0,,0,0,0,,0,0,0,0,,0,0,0,0,0,0,0,0,0,0,0,0,0,0,0,22286,0,0,0,0,0,0,0
12A192,28,40058,2,1,0,2,10,221,2,62,3,3,7,1,1,1,2,2,2,1,3,5,,2,2,2,2,1,2,,1,0,1,2,1,,0,0,,0,0,0,0,0,0,0,0,0,,0,0,0,0,0,,0,0,,0,0,0,0,0,0,0,0,0,0,,0,0,0,1,3,,45,2,0,,3,4,1,0,,2,2,2,2,2,1,2,0,2,0,1,2,2,2,2,14989,1,2,1,1,0,0,1
12B196,28,40086,3,1,0,3,10,221,2,19,4,3,6,1,2,2,1,2,2,1,0,0,,0,0,0,0,0,0,,0,0,0,0,0,,1,4,,2,2,2,1,2,2,2,2,2,,3,30,2,1,1,,0,0,,0,0,0,0,0,0,0,0,0,0,,0,0,0,5,2,,30,2,0,,4,3,2,0,,2,2,2,2,2,2,2,0,1,1,1,1,2,1,1,26114,3,3,1,0,2,0,1
12B196,28,40086,2,1,0,1,10,221,1,57,3,3,1,1,2,2,2,2,2,2,0,0,,0,0,0,0,0,0,,0,0,0,0,0,,0,0,,0,0,0,0,0,0,0,0,0,,0,0,0,0,0,,0,0,,0,0,0,0,0,0,0,0,0,0,,0,0,0,0,0,,0,0,0,,0,0,0,3,,2,2,2,2,2,2,2,0,2,0,1,2,1,1,1,18868,4,4,2,0,0,0,2
12B196,28,40086,4,1,0,3,10,221,2,26,4,3,1,1,2,2,1,2,2,2,0,0,,0,0,0,0,0,0,,0,0,0,0,0,,2,4,,2,2,1,2,2,2,2,1,2,,3,90,2,1,1,,0,0,,0,0,0,0,0,0,0,0,0,0,,0,0,0,0,0,,20,2,0,,2,3,2,0,,1,1,2,2,2,2,3,0,2,0,1,1,1,3,1,24472,3,3,1,0,2,0,1
11B193,28,40105,1,1,0,1,10,221,1,45,4,3,1,1,2,2,2,2,2,2,0,0,,0,0,0,0,0,0,,0,0,0,0,0,,0,0,,0,0,0,0,0,0,0,0,0,,0,0,0,0,0,,0,0,,0,0,0,0,0,0,0,0,0,0,,0,0,0,0,0,,0,0,0,,0,0,0,3,,2,2,2,2,2,2,2,0,2,0,1,2,2,1,2,25020,4,4,2,0,0,0,2
11B193,28,40105,4,1,0,1,10,221,1,37,3,3,1,1,1,1,1,2,2,1,4,4,,2,2,2,2,1,2,,2,0,2,1,1,,5,4,,2,1,2,2,1,2,1,2,2,,2,0,2,1,1,,0,0,,0,0,0,0,0,0,0,0,0,0,,0,0,0,5,3,,10,2,0,,2,3,2,0,,2,2,2,2,1,1,1,2,1,1,1,1,1,1,1,15959,1,2,1,2,2,0,1
11B193,28,40105,3,1,0,1,10,221,1,34,3,3,1,1,1,1,2,2,1,2,9,1,,1,1,2,2,2,2,,3,300,2,1,1,,0,0,,0,0,0,0,0,0,0,0,0,,0,0,0,0,0,,0,0,,0,0,0,0,0,0,0,0,0,0,,3,1,1,0,0,,30,2,0,,4,2,1,0,,2,2,2,2,2,1,1,2,1,2,1,2,1,1,1,16633,1,2,1,2,0,0,1
11B193,28,40105,2,1,0,1,10,221,2,36,3,3,1,1,1,2,2,2,1,1,0,0,,0,0,0,0,0,0,,0,0,0,0,0,,0,0,,0,0,0,0,0,0,0,0,0,,0,0,0,0,0,,0,0,,0,0,0,0,0,0,0,0,0,0,,5,1,2,5,4,,15,2,0,,2,4,1,0,,2,2,2,2,2,2,2,0,2,0,1,2,1,1,1,28797,1,3,1,0,0,0,2
11B187,28,40146,4,1,0,1,10,221,1,62,2,6,1,1,2,2,2,1,2,2,0,0,,0,0,0,0,0,0,,0,0,0,0,0,,0,0,,0,0,0,0,0,0,0,0,0,,0,0,0,0,0,,1,3,,2,1,2,2,2,2,0,2,1,2,,0,0,0,0,0,,20,2,0,,2,3,2,0,,2,2,2,2,2,2,2,0,2,0,1,1,1,1,2,20257,3,3,1,0,0,2,1
11B187,28,40146,1,1,0,1,10,221,2,32,3,3,1,1,2,2,1,1,2,1,0,0,,0,0,0,0,0,0,,0,0,0,0,0,,4,4,,2,2,2,1,2,2,2,1,2,,3,130,2,1,2,,3,4,,2,2,1,1,1,3,40,2,1,2,,0,0,0,5,4,,20,1,5,,2,3,2,0,,1,2,2,2,2,1,3,0,1,2,1,1,1,1,1,13138,3,3,1,0,2,2,1
11B187,28,40146,3,1,0,1,10,221,2,64,4,3,8,1,2,2,2,2,2,2,0,0,,0,0,0,0,0,0,,0,0,0,0,0,,0,0,,0,0,0,0,0,0,0,0,0,,0,0,0,0,0,,0,0,,0,0,0,0,0,0,0,0,0,0,,0,0,0,0,0,,0,0,0,,0,0,0,1,,2,2,2,2,2,2,2,0,2,0,1,2,1,1,2,6821,4,4,2,0,0,0,2
13B187,28,40147,2,1,0,1,10,221,1,29,7,4,1,1,1,1,2,2,2,1,2,4,,2,2,1,2,2,2,,3,250,2,1,1,,0,0,,0,0,0,0,0,0,0,0,0,,0,0,0,0,0,,0,0,,0,0,0,0,0,0,0,0,0,0,,0,0,0,5,3,,20,2,0,,3,3,1,0,,1,2,2,2,2,2,2,0,1,1,1,1,1,1,1,17502,1,2,1,2,0,0,1
13B187,28,40147,4,1,0,1,10,221,1,60,6,3,1,1,2,2,2,2,2,2,0,0,,0,0,0,0,0,0,,0,0,0,0,0,,0,0,,0,0,0,0,0,0,0,0,0,,0,0,0,0,0,,0,0,,0,0,0,0,0,0,0,0,0,0,,0,0,0,0,0,,0,0,0,,0,0,0,3,,2,2,2,2,2,2,2,0,2,0,1,1,1,2,2,22698,4,4,2,0,0,0,2
13B187,28,40147,1,1,0,1,10,221,1,41,2,3,1,1,1,1,1,2,2,2,2,1,,2,1,2,2,2,2,,1,0,1,2,1,,1,1,,2,2,2,2,2,1,2,2,2,,3,80,2,1,1,,0,0,,0,0,0,0,0,0,0,0,0,0,,0,0,0,0,0,,30,2,0,,3,3,2,0,,1,2,2,2,2,2,1,1,1,1,1,1,1,1,1,25191,1,2,1,1,2,0,1
13B187,28,40147,3,1,0,3,10,221,1,31,7,4,1,1,1,2,1,2,2,1,0,0,,0,0,0,0,0,0,,0,0,0,0,0,,3,1,,2,2,2,1,2,2,2,2,2,,3,300,2,1,1,,0,0,,0,0,0,0,0,0,0,0,0,0,,0,0,0,1,1,,40,2,0,,2,3,1,0,,1,2,2,2,2,1,2,0,1,1,1,1,1,2,2,26254,1,3,1,0,2,0,1
11A192,28,40148,2,1,0,3,10,221,2,55,0, ,7,1,1,1,2,2,2,2,1,4,,2,2,1,2,2,2,,2,0,2,1,1,,0,0,,0,0,0,0,0,0,0,0,0,,0,0,0,0,0,,0,0,,0,0,0,0,0,0,0,0,0,0,,0,0,0,0,0,,60,2,0,,1,1,2,0,,2,2,2,2,2,2,2,0,2,0,1,2,1,1,2,9827,1,1,1,2,0,0,1
11A192,28,40148,3,1,0,1,10,221,2,42,7,5,4,1,1,1,2,1,2,1,1,2,,2,2,2,2,1,2,,1,0,1,2,1,,0,0,,0,0,0,0,0,0,0,0,0,,0,0,0,0,0,,2,3,,1,1,1,1,1,3,26,2,1,1,,0,0,0,1,2,,20,2,0,,4,4,2,0,,2,2,2,1,1,1,2,0,2,0,1,1,1,1,1,9741,1,2,1,1,0,2,1
12B194,28,40262,4,1,0,1,10,221,1,69,6,3,9,2,0,0,0,0,0,0,0,0,,0,0,0,0,0,0,,0,0,0,0,0,,0,0,,0,0,0,0,0,0,0,0,0,,0,0,0,0,0,,0,0,,0,0,0,0,0,0,0,0,0,0,,0,0,0,0,0,,0,0,0,,0,0,0,0,,0,0,0,0,0,0,0,0,0,0,0,0,0,0,0,19250,0,0,0,0,0,0,0
12B194,28,40262,1,1,0,2,10,221,2,52,3,3,1,1,2,2,2,1,2,1,0,0,,0,0,0,0,0,0,,0,0,0,0,0,,0,0,,0,0,0,0,0,0,0,0,0,,0,0,0,0,0,,2,3,,1,2,2,2,1,3,20,2,1,1,,0,0,0,1,3,,15,2,0,,4,4,2,0,,2,2,2,2,1,1,1,1,2,0,1,2,2,2,2,28174,3,3,1,0,0,2,1
12B194,28,40262,2,1,0,2,10,221,2,28,3,3,1,1,2,2,2,2,2,1,0,0,,0,0,0,0,0,0,,0,0,0,0,0,,0,0,,0,0,0,0,0,0,0,0,0,,0,0,0,0,0,,0,0,,0,0,0,0,0,0,0,0,0,0,,0,0,0,1,4,,20,2,0,,3,3,2,0,,2,2,2,2,1,1,1,1,2,0,1,1,1,1,1,29279,3,3,1,0,0,0,2
11B194,28,40264,1,1,0,1,10,221,1,23,3,3,1,1,1,2,1,2,2,1,0,0,,0,0,0,0,0,0,,0,0,0,0,0,,2,3,,2,2,2,1,2,1,2,2,2,,2,0,2,1,1,,0,0,,0,0,0,0,0,0,0,0,0,0,,0,0,0,2,4,,20,2,0,,2,4,2,0,,2,2,2,2,1,1,1,2,1,2,1,1,1,2,2,7926,1,3,1,0,2,0,1
11B194,28,40264,4,1,0,1,10,221,1,35,7,4,1,1,1,1,1,2,2,2,1,3,,2,2,2,2,1,2,,2,0,2,1,1,,5,4,,2,1,2,1,2,2,1,1,2,,3,200,2,1,1,,0,0,,0,0,0,0,0,0,0,0,0,0,,0,0,0,0,0,,30,2,0,,2,4,1,0,,2,2,2,2,1,1,1,1,1,1,1,1,1,1,1,7351,1,2,1,2,2,0,1
11B188,28,40267,3,1,0,2,10,221,1,83,2,6,8,2,0,0,0,0,0,0,0,0,,0,0,0,0,0,0,,0,0,0,0,0,,0,0,,0,0,0,0,0,0,0,0,0,,0,0,0,0,0,,0,0,,0,0,0,0,0,0,0,0,0,0,,0,0,0,0,0,,0,0,0,,0,0,0,0,,0,0,0,0,0,0,0,0,0,0,0,0,0,0,0,20212,0,0,0,0,0,0,0
11B188,28,40267,4,1,0,3,10,221,2,27,7,5,4,1,1,1,2,2,2,1,4,4,,2,1,1,2,2,2,,3,500,2,1,1,,0,0,,0,0,0,0,0,0,0,0,0,,0,0,0,0,0,,0,0,,0,0,0,0,0,0,0,0,0,0,,0,0,0,2,3,,30,2,0,,1,3,1,0,,2,2,2,2,1,2,2,0,1,4,1,1,1,1,1,30744,1,2,1,2,0,0,1
11B188,28,40267,1,1,0,1,10,221,1,72,4,2,10,1,2,1,2,2,2,2,3,4,,2,2,2,1,2,2,,2,0,2,1,1,,0,0,,0,0,0,0,0,0,0,0,0,,0,0,0,0,0,,0,0,,0,0,0,0,0,0,0,0,0,0,,0,0,0,0,0,,40,2,0,,2,3,1,0,,2,2,2,2,2,2,2,0,1,1,1,2,2,2,2,10106,3,1,1,2,0,0,1
11B188,28,40267,2,1,0,2,10,221,2,27,3,3,7,1,1,1,1,1,2,1,10,2,,2,1,2,2,2,2,,3,700,2,1,1,,5,2,,2,2,2,2,2,2,2,1,2,,2,0,2,1,1,,2,2,,1,1,1,1,1,2,0,2,1,1,,0,0,0,1,2,,30,1,7,EXPLICARLE LA LECTURA A SUS HIJAS,1,3,1,0,,2,2,2,2,2,1,2,0,2,0,1,1,1,1,1,15372,1,2,1,2,2,2,1
12B188,28,40268,1,1,0,3,10,221,2,22,7,3,6,1,1,2,1,2,2,1,0,0,,0,0,0,0,0,0,,0,0,0,0,0,,4,2,,2,1,2,1,2,1,2,2,2,,3,250,2,1,1,,0,0,,0,0,0,0,0,0,0,0,0,0,,0,0,0,1,2,,50,2,0,,3,3,2,0,,1,2,2,2,1,1,1,2,1,2,1,1,1,1,1,29077,1,3,1,0,2,0,1
12B188,28,40268,3,1,0,4,10,221,2,38,7,4,1,1,1,2,2,2,2,1,0,0,,0,0,0,0,0,0,,0,0,0,0,0,,0,0,,0,0,0,0,0,0,0,0,0,,0,0,0,0,0,,0,0,,0,0,0,0,0,0,0,0,0,0,,0,0,0,2,4,,15,1,6,,1,4,1,0,,2,2,2,2,1,1,1,2,1,5,1,1,1,1,1,28048,1,3,1,0,0,0,2
12B188,28,40268,4,1,0,2,10,221,2,59,7,2,1,1,1,1,2,2,1,1,2,1,,2,2,1,2,2,2,,2,0,2,1,1,,0,0,,0,0,0,0,0,0,0,0,0,,0,0,0,0,0,,0,0,,0,0,0,0,0,0,0,0,0,0,,5,1,2,5,1,,120,2,0,,1,4,2,0,,2,2,2,2,2,2,2,0,1,1,1,1,1,1,1,28296,1,2,1,2,0,0,1
12B195,28,40324,2,1,0,2,10,221,2,50,7,4,1,1,1,2,1,2,1,2,0,0,,0,0,0,0,0,0,,0,0,0,0,0,,5,4,,2,2,2,1,2,1,1,1,2,,1,0,1,2,1,,0,0,,0,0,0,0,0,0,0,0,0,0,,2,1,2,0,0,,30,1,6,,1,3,1,0,,1,2,2,2,1,1,1,2,1,1,1,2,2,2,2,20478,1,3,1,0,1,0,1
12A191,28,40331,3,1,0,2,10,221,2,52,2,6,7,1,1,2,1,2,2,2,0,0,,0,0,0,0,0,0,,0,0,0,0,0,,5,3,,2,2,1,2,2,2,1,2,2,,3,60,2,1,1,,0,0,,0,0,0,0,0,0,0,0,0,0,,0,0,0,0,0,,30,2,0,,2,4,2,0,,2,1,2,2,1,1,2,0,2,0,1,1,1,1,1,15738,1,3,1,0,2,0,1
12A191,28,40331,1,1,0,4,10,221,2,27,4,3,7,2,0,0,0,0,0,0,0,0,,0,0,0,0,0,0,,0,0,0,0,0,,0,0,,0,0,0,0,0,0,0,0,0,,0,0,0,0,0,,0,0,,0,0,0,0,0,0,0,0,0,0,,0,0,0,0,0,,0,0,0,,0,0,0,0,,0,0,0,0,0,0,0,0,0,0,0,0,0,0,0,40888,0,0,0,0,0,0,0
12A191,28,40331,2,1,0,1,10,221,1,35,3,3,1,1,1,2,2,2,2,1,0,0,,0,0,0,0,0,0,,0,0,0,0,0,,0,0,,0,0,0,0,0,0,0,0,0,,0,0,0,0,0,,0,0,,0,0,0,0,0,0,0,0,0,0,,0,0,0,1,4,,50,1,5,,1,4,2,0,,2,2,2,2,2,1,2,0,1,1,1,1,1,1,1,18659,1,3,1,0,0,0,2
11B196,29,40087,4,1,0,5,39,221,2,23,7,4,6,1,1,1,1,2,2,1,6,2,,2,1,2,2,2,2,,1,0,1,2,1,,3,2,,2,1,2,1,2,1,2,2,2,,1,0,1,2,1,,0,0,,0,0,0,0,0,0,0,0,0,0,,0,0,0,5,3,,60,2,0,,3,4,1,0,,2,1,2,1,2,1,1,2,1,3,1,1,1,1,2,55355,1,2,1,1,1,0,1
11B196,29,40087,2,1,0,2,39,221,1,35,3,3,1,1,2,2,2,2,2,2,0,0,,0,0,0,0,0,0,,0,0,0,0,0,,0,0,,0,0,0,0,0,0,0,0,0,,0,0,0,0,0,,0,0,,0,0,0,0,0,0,0,0,0,0,,0,0,0,0,0,,0,0,0,,0,0,0,3,,2,2,2,2,1,2,2,0,1,1,1,1,1,1,1,14796,4,4,2,0,0,0,2
11A192,29,40092,1,1,1,1,39,221,1,63,2,6,8,1,1,1,2,2,2,2,2,5,,2,1,2,2,2,2,,2,0,2,1,1,,0,0,,0,0,0,0,0,0,0,0,0,,0,0,0,0,0,,0,0,,0,0,0,0,0,0,0,0,0,0,,0,0,0,0,0,,30,2,0,,2,2,1,0,,1,1,1,1,2,2,2,0,2,0,1,2,2,2,2,24459,1,1,1,2,0,0,1
11A192,29,40092,2,1,0,1,39,221,2,31,4,3,1,1,1,2,2,2,2,2,0,0,,0,0,0,0,0,0,,0,0,0,0,0,,0,0,,0,0,0,0,0,0,0,0,0,,0,0,0,0,0,,0,0,,0,0,0,0,0,0,0,0,0,0,,0,0,0,0,0,,0,0,0,,0,0,0,3,,2,2,2,2,2,2,2,0,2,0,1,1,1,1,1,15863,2,4,2,0,0,0,2
11A192,29,40092,3,1,0,5,39,221,2,20,4,3,6,1,1,1,2,2,1,1,4,2,,2,1,1,2,2,2,,1,0,1,2,1,,0,0,,0,0,0,0,0,0,0,0,0,,0,0,0,0,0,,0,0,,0,0,0,0,0,0,0,0,0,0,,3,1,2,3,2,,60,2,0,,2,2,1,0,,2,2,2,2,2,1,2,0,2,0,1,1,1,1,2,56423,1,2,1,1,0,0,1
11A192,29,40092,4,1,0,1,39,221,2,45,3,3,1,1,1,2,2,2,1,2,0,0,,0,0,0,0,0,0,,0,0,0,0,0,,0,0,,0,0,0,0,0,0,0,0,0,,0,0,0,0,0,,0,0,,0,0,0,0,0,0,0,0,0,0,,3,2,1,0,0,,50,2,0,,2,2,2,0,,2,1,2,2,2,2,2,0,2,0,1,2,1,2,1,15264,1,3,1,0,0,0,2
12B187,29,40149,1,1,0,2,39,221,2,73,2,6,7,1,1,1,2,2,2,2,1,5,,2,2,1,2,2,2,,2,0,2,1,1,,0,0,,0,0,0,0,0,0,0,0,0,,0,0,0,0,0,,0,0,,0,0,0,0,0,0,0,0,0,0,,0,0,0,0,0,,60,2,0,,2,2,1,0,,2,2,2,2,2,2,2,0,1,1,1,2,2,1,2,17543,1,1,1,2,0,0,1
12B187,29,40149,4,1,0,2,39,221,2,34,3,3,2,1,1,1,1,2,1,1,1,4,,2,2,1,2,2,2,,2,0,2,1,2,,6,4,,2,2,2,2,2,2,2,1,2,,2,0,2,1,2,,0,0,,0,0,0,0,0,0,0,0,0,0,,2,2,1,5,3,,15,2,0,,3,3,1,0,,2,2,2,2,1,1,1,1,1,1,1,1,1,1,1,14333,1,2,1,2,2,0,1
12B187,29,40149,2,1,0,1,39,221,1,58,4,1,4,1,2,2,2,2,2,2,0,0,,0,0,0,0,0,0,,0,0,0,0,0,,0,0,,0,0,0,0,0,0,0,0,0,,0,0,0,0,0,,0,0,,0,0,0,0,0,0,0,0,0,0,,0,0,0,0,0,,0,0,0,,0,0,0,1,,2,2,2,2,2,2,2,0,1,1,1,1,1,1,2,14734,4,4,2,0,0,0,2
12B194,29,40239,4,1,0,1,39,221,2,40,3,3,1,1,2,2,2,2,2,2,0,0,,0,0,0,0,0,0,,0,0,0,0,0,,0,0,,0,0,0,0,0,0,0,0,0,,0,0,0,0,0,,0,0,,0,0,0,0,0,0,0,0,0,0,,0,0,0,0,0,,0,0,0,,0,0,0,3,,2,2,2,2,2,2,2,0,2,0,1,2,2,2,2,8741,4,4,2,0,0,0,2
12B194,29,40239,3,1,0,1,39,221,2,72,0, ,7,2,0,0,0,0,0,0,0,0,,0,0,0,0,0,0,,0,0,0,0,0,,0,0,,0,0,0,0,0,0,0,0,0,,0,0,0,0,0,,0,0,,0,0,0,0,0,0,0,0,0,0,,0,0,0,0,0,,0,0,0,,0,0,0,0,,0,0,0,0,0,0,0,0,0,0,0,0,0,0,0,10393,0,0,0,0,0,0,0
12B194,29,40239,2,1,0,2,39,221,2,54,2,4,7,1,2,2,2,2,2,2,0,0,,0,0,0,0,0,0,,0,0,0,0,0,,0,0,,0,0,0,0,0,0,0,0,0,,0,0,0,0,0,,0,0,,0,0,0,0,0,0,0,0,0,0,,0,0,0,0,0,,0,0,0,,0,0,0,3,,2,2,2,2,2,2,2,0,2,0,2,0,0,0,0,16342,4,4,2,0,0,0,2
12B188,29,40279,3,1,0,3,39,221,1,36,7,5,1,1,1,2,2,2,2,1,0,0,,0,0,0,0,0,0,,0,0,0,0,0,,0,0,,0,0,0,0,0,0,0,0,0,,0,0,0,0,0,,0,0,,0,0,0,0,0,0,0,0,0,0,,0,0,0,5,4,,30,2,0,,3,3,2,0,,2,2,2,2,1,2,2,0,3,0,1,1,1,1,1,27687,1,3,1,0,0,0,2
12B188,29,40279,2,1,0,2,39,221,2,37,7,4,1,1,2,2,2,2,2,1,0,0,,0,0,0,0,0,0,,0,0,0,0,0,,0,0,,0,0,0,0,0,0,0,0,0,,0,0,0,0,0,,0,0,,0,0,0,0,0,0,0,0,0,0,,0,0,0,2,4,,20,2,0,,3,3,2,0,,2,2,2,2,1,1,2,0,1,3,1,2,1,1,2,24980,3,3,1,0,0,0,2
12B188,29,40279,4,1,0,3,39,221,1,58,2,6,1,1,2,2,2,1,2,2,0,0,,0,0,0,0,0,0,,0,0,0,0,0,,0,0,,0,0,0,0,0,0,0,0,0,,0,0,0,0,0,,1,4,,1,1,2,2,1,2,0,2,1,2,,0,0,0,0,0,,20,2,0,,1,3,2,0,,2,2,2,2,2,2,2,0,2,0,1,2,2,2,2,33263,3,3,1,0,0,2,1
11A191,29,40312,1,1,0,2,39,221,2,53,3,3,7,1,1,2,1,2,2,1,0,0,,0,0,0,0,0,0,,0,0,0,0,0,,1,4,,2,2,1,2,2,2,2,2,2,,2,0,2,1,1,,0,0,,0,0,0,0,0,0,0,0,0,0,,0,0,0,5,4,,30,1,5,,2,2,2,0,,2,2,2,2,2,2,2,0,2,0,1,2,2,2,2,17569,1,3,1,0,2,0,1
11A191,29,40312,2,1,0,1,39,221,1,60,4,3,1,1,1,2,1,1,2,1,0,0,,0,0,0,0,0,0,,0,0,0,0,0,,6,4,,2,2,2,2,2,2,1,2,2,,2,0,2,1,1,,2,3,,1,1,1,2,2,2,0,2,1,1,,0,0,0,1,3,,45,2,0,,3,3,1,0,,2,2,2,2,2,1,2,0,2,0,1,2,2,2,2,28154,1,3,1,0,2,2,1
11A191,29,40312,4,1,0,1,39,221,1,46,3,3,1,1,1,1,1,1,2,1,5,1,,1,2,2,2,2,2,,1,0,1,2,2,,4,3,,2,1,2,2,2,2,2,2,2,,3,150,2,1,1,,1,3,,1,1,1,1,1,2,0,2,1,1,,0,0,0,5,3,,20,2,0,,3,3,2,0,,2,2,2,2,2,1,1,2,2,0,1,1,1,1,1,21771,1,2,1,1,2,2,1
11A191,29,40312,3,1,0,2,39,221,1,47,2,6,1,1,1,1,2,1,2,2,1,3,,2,2,2,2,1,2,,2,0,2,1,1,,0,0,,0,0,0,0,0,0,0,0,0,,0,0,0,0,0,,2,3,,1,1,1,1,1,3,30,2,1,2,,0,0,0,0,0,,30,2,0,,2,3,2,0,,2,1,2,2,2,2,2,0,1,6,1,1,1,1,1,54429,1,2,1,2,0,2,1
11B195,29,40337,3,1,0,1,39,221,1,42,8,2,1,1,1,1,2,1,2,1,4,4,,2,2,2,2,1,2,,3,900,2,1,1,,0,0,,0,0,0,0,0,0,0,0,0,,0,0,0,0,0,,3,3,,1,1,2,2,1,1,0,1,2,1,,0,0,0,5,3,,60,2,0,,1,3,1,0,,1,2,2,1,1,1,2,0,1,5,1,1,1,2,1,15156,1,2,1,2,0,1,1
11B195,29,40337,4,1,0,2,39,221,2,25,7,5,1,1,1,2,1,2,2,1,0,0,,0,0,0,0,0,0,,0,0,0,0,0,,1,4,,2,1,2,2,2,2,2,2,2,,1,0,1,2,1,,0,0,,0,0,0,0,0,0,0,0,0,0,,0,0,0,5,3,,10,2,0,,2,3,1,0,,2,2,2,2,2,2,2,0,1,2,1,1,1,1,1,13284,1,3,1,0,1,0,1
11B195,29,40337,1,1,0,4,39,221,2,51,0, ,7,2,0,0,0,0,0,0,0,0,,0,0,0,0,0,0,,0,0,0,0,0,,0,0,,0,0,0,0,0,0,0,0,0,,0,0,0,0,0,,0,0,,0,0,0,0,0,0,0,0,0,0,,0,0,0,0,0,,0,0,0,,0,0,0,0,,0,0,0,0,0,0,0,0,0,0,0,0,0,0,0,25567,0,0,0,0,0,0,0
11B195,29,40337,2,1,0,1,39,221,1,36,4,3,1,1,1,1,1,1,2,1,1,4,,2,2,2,2,1,2,,2,0,2,1,1,,3,4,,1,1,2,2,2,2,2,2,2,,3,100,2,1,1,,1,3,,1,1,1,1,1,3,7,2,1,2,,0,0,0,1,1,,20,2,0,,2,2,2,0,,2,2,2,2,1,1,1,2,2,0,1,2,2,1,1,15156,1,2,1,2,2,2,1
12A191,29,40347,1,1,0,1,39,221,2,56,2,6,1,1,2,2,2,2,2,2,0,0,,0,0,0,0,0,0,,0,0,0,0,0,,0,0,,0,0,0,0,0,0,0,0,0,,0,0,0,0,0,,0,0,,0,0,0,0,0,0,0,0,0,0,,0,0,0,0,0,,0,0,0,,0,0,0,3,,2,2,2,2,2,2,2,0,2,0,1,1,1,1,1,36291,4,4,2,0,0,0,2
12A191,29,40347,3,1,0,1,39,221,2,49,2,2,1,1,1,1,2,1,2,2,1,4,,2,2,2,2,1,2,,2,0,2,1,2,,0,0,,0,0,0,0,0,0,0,0,0,,0,0,0,0,0,,2,4,,1,2,2,2,1,2,0,2,1,2,,0,0,0,0,0,,30,2,0,,1,2,2,0,,2,2,2,2,2,1,2,0,2,0,1,2,1,1,2,33629,1,2,1,2,0,2,1
12A191,29,40347,2,1,0,3,39,221,2,72,3,3,7,1,1,1,2,2,2,2,1,5,,2,2,2,2,1,2,,3,300,2,1,1,,0,0,,0,0,0,0,0,0,0,0,0,,0,0,0,0,0,,0,0,,0,0,0,0,0,0,0,0,0,0,,0,0,0,0,0,,60,2,0,,3,4,2,0,,2,2,2,2,2,1,1,2,2,0,1,2,1,1,1,42772,1,1,1,2,0,0,1
12B195,29,40403,2,1,0,3,39,221,2,34,2,6,1,1,1,2,1,1,2,2,0,0,,0,0,0,0,0,0,,0,0,0,0,0,,10,4,,2,2,1,2,2,2,2,2,2,,2,0,2,1,1,,1,1,,1,1,1,1,1,2,0,2,1,1,,0,0,0,0,0,,20,2,0,,2,4,2,0,,2,2,2,2,2,2,2,0,2,0,1,2,2,1,1,41990,1,3,1,0,2,2,1
12B195,29,40403,3,1,0,1,39,221,1,49,3,3,1,1,1,2,2,2,2,2,0,0,,0,0,0,0,0,0,,0,0,0,0,0,,0,0,,0,0,0,0,0,0,0,0,0,,0,0,0,0,0,,0,0,,0,0,0,0,0,0,0,0,0,0,,0,0,0,0,0,,0,0,0,,0,0,0,3,,2,2,2,2,2,2,2,0,2,0,1,2,2,2,1,40056,2,4,2,0,0,0,2
12B195,29,40403,1,1,0,2,39,221,2,32,3,3,1,1,1,1,2,2,2,1,1,2,,2,1,2,2,2,2,,2,0,2,1,1,,0,0,,0,0,0,0,0,0,0,0,0,,0,0,0,0,0,,0,0,,0,0,0,0,0,0,0,0,0,0,,0,0,0,5,2,,15,2,0,,2,2,1,0,,2,2,2,2,2,2,1,1,2,0,1,1,1,1,1,16796,1,2,1,2,0,0,1
11B196,30,40020,1,1,0,2,10,221,2,23,3,3,2,1,2,2,2,2,2,1,0,0,,0,0,0,0,0,0,,0,0,0,0,0,,0,0,,0,0,0,0,0,0,0,0,0,,0,0,0,0,0,,0,0,,0,0,0,0,0,0,0,0,0,0,,0,0,0,2,4,,30,2,0,,2,1,2,0,,2,2,2,2,2,1,1,2,1,1,1,2,1,1,1,21115,3,3,1,0,0,0,2
11B196,30,40020,4,1,0,1,10,221,1,57,7,4,1,1,1,1,2,2,2,1,1,5,,2,2,1,2,2,2,,3,600,2,1,1,,0,0,,0,0,0,0,0,0,0,0,0,,0,0,0,0,0,,0,0,,0,0,0,0,0,0,0,0,0,0,,0,0,0,2,5,,30,2,0,,1,3,2,0,,2,2,2,2,2,1,2,0,2,0,1,2,1,1,2,15256,1,2,1,2,0,0,1
11B196,30,40020,2,1,0,4,10,221,1,22,3,2,1,1,2,2,2,2,2,1,0,0,,0,0,0,0,0,0,,0,0,0,0,0,,0,0,,0,0,0,0,0,0,0,0,0,,0,0,0,0,0,,0,0,,0,0,0,0,0,0,0,0,0,0,,0,0,0,2,4,,20,2,0,,2,3,2,0,,2,2,2,2,2,1,2,0,1,1,1,2,1,1,2,18256,3,3,1,0,0,0,2
11B196,30,40020,3,1,0,3,10,221,2,42,4,3,7,1,1,1,2,1,2,2,1,5,,2,2,1,2,2,2,,2,0,2,1,1,,0,0,,0,0,0,0,0,0,0,0,0,,0,0,0,0,0,,1,3,,1,2,1,1,1,3,10,2,1,1,,0,0,0,0,0,,60,2,0,,2,4,1,0,,1,1,1,1,1,2,2,0,1,1,1,1,1,1,1,22915,1,2,1,2,0,2,1
11B193,30,41018,4,1,0,1,12,221,1,85,2,4,8,1,1,2,1,1,2,2,0,0,,0,0,0,0,0,0,,0,0,0,0,0,,2,4,,2,1,2,2,2,2,1,2,2,,2,0,2,1,1,,1,4,,1,2,2,1,2,2,0,2,1,1,,0,0,0,0,0,,10,1,5,,2,3,1,0,,2,2,2,2,2,1,1,1,1,1,1,3,3,1,3,21377,1,3,1,0,2,2,1
11B193,30,41018,2,1,0,3,12,221,2,24,6,2,1,1,1,1,2,2,2,1,2,4,,2,2,2,2,1,2,,2,0,2,1,1,,0,0,,0,0,0,0,0,0,0,0,0,,0,0,0,0,0,,0,0,,0,0,0,0,0,0,0,0,0,0,,0,0,0,2,4,,60,2,0,,4,3,1,0,,1,2,2,1,2,2,2,0,1,1,1,1,1,1,1,23131,1,2,1,2,0,0,1
11B193,30,41018,1,1,0,1,12,221,2,58,3,3,7,1,1,1,1,1,2,1,1,5,,2,2,2,2,2,1,RELIGIÓN,2,0,2,1,1,,4,5,,2,2,2,2,1,2,1,2,2,,3,35,2,1,1,,7,3,,1,2,2,1,2,2,0,2,1,1,,0,0,0,5,5,,180,2,0,,2,4,1,0,,2,2,2,2,2,2,2,0,2,0,1,2,1,1,1,11255,1,2,1,2,2,2,1
11B193,30,41018,3,1,0,2,12,221,2,47,7,4,7,1,1,1,1,1,2,1,1,3,,2,2,2,2,1,2,,3,200,2,1,1,,3,3,,2,2,1,2,2,2,1,2,2,,3,100,2,1,1,,2,3,,2,2,1,2,2,1,0,1,2,1,,0,0,0,5,3,,30,2,0,,4,3,1,0,,2,2,2,2,1,1,1,1,1,1,1,1,1,1,1,20858,1,2,1,2,2,1,1
12B196,30,41021,4,1,0,2,12,221,2,51,7,3,1,1,1,1,2,1,2,1,3,3,,2,2,1,1,1,2,,2,0,2,1,1,,0,0,,0,0,0,0,0,0,0,0,0,,0,0,0,0,0,,8,1,,1,2,1,1,2,1,0,1,2,1,,0,0,0,2,1,,60,1,5,,4,3,1,0,,2,2,2,2,1,1,1,1,1,4,1,1,1,1,1,16614,1,2,1,2,0,1,1
12B196,30,41021,3,1,0,1,12,221,1,39,4,3,4,1,1,1,2,2,2,1,2,4,,2,2,2,2,1,2,,3,300,2,1,1,,0,0,,0,0,0,0,0,0,0,0,0,,0,0,0,0,0,,0,0,,0,0,0,0,0,0,0,0,0,0,,0,0,0,2,3,,30,1,5,,3,2,1,0,,1,1,2,1,2,2,2,0,1,1,1,2,2,2,1,13133,1,2,1,2,0,0,1
12B196,30,41021,2,1,0,3,12,221,1,26,7,4,1,1,1,1,1,2,2,1,2,2,,2,1,2,2,2,2,,1,0,1,2,1,,2,3,,2,1,2,2,2,2,1,2,2,,1,0,1,2,1,,0,0,,0,0,0,0,0,0,0,0,0,0,,0,0,0,1,3,,20,2,0,,2,3,2,0,,2,2,2,2,1,1,1,1,1,5,1,2,2,1,1,20530,1,2,1,1,1,0,1
12B196,30,41021,1,1,0,1,12,221,2,68,7,4,8,1,1,1,2,1,2,1,5,4,,2,2,1,2,2,2,,1,0,1,2,1,,0,0,,0,0,0,0,0,0,0,0,0,,0,0,0,0,0,,2,4,,1,2,1,1,2,1,0,1,2,1,,0,0,0,1,4,,180,1,1,,2,4,1,0,,1,2,2,2,1,2,1,2,1,1,1,1,1,2,2,7044,1,2,1,1,0,1,1
12B193,30,41050,4,1,0,1,12,221,2,49,4,3,1,1,1,2,1,2,2,1,0,0,,0,0,0,0,0,0,,0,0,0,0,0,,4,3,,1,2,2,1,2,2,1,1,2,,3,200,1,1,1,,0,0,,0,0,0,0,0,0,0,0,0,0,,0,0,0,2,3,,40,2,0,,3,3,1,0,,1,1,2,1,1,1,1,1,1,5,1,1,1,1,1,21591,1,3,1,0,3,0,1
12B193,30,41050,2,1,0,1,12,221,1,23,4,3,6,1,1,2,1,2,1,1,0,0,,0,0,0,0,0,0,,0,0,0,0,0,,10,4,,1,2,2,2,2,2,2,1,2,,1,0,1,2,1,,0,0,,0,0,0,0,0,0,0,0,0,0,,2,1,1,2,3,,180,2,0,,2,1,1,0,,2,1,2,1,1,2,1,1,1,3,1,1,1,2,2,9201,1,3,1,0,1,0,1
12B193,30,41050,3,1,0,2,12,221,2,30,4,3,7,1,1,2,2,1,2,2,0,0,,0,0,0,0,0,0,,0,0,0,0,0,,0,0,,0,0,0,0,0,0,0,0,0,,0,0,0,0,0,,7,3,,1,2,1,1,1,3,42,2,1,1,,0,0,0,0,0,,15,2,0,,2,3,2,0,,2,2,2,2,2,2,2,0,1,1,1,1,1,1,1,14958,1,3,1,0,0,2,1
12B193,30,41050,1,1,0,1,12,221,1,47,7,2,1,1,2,2,2,1,2,2,0,0,,0,0,0,0,0,0,,0,0,0,0,0,,0,0,,0,0,0,0,0,0,0,0,0,,0,0,0,0,0,,3,3,,1,1,1,1,1,2,0,2,1,2,,0,0,0,0,0,,10,2,0,,2,3,1,0,,2,2,2,2,2,2,2,0,1,2,1,1,1,1,1,26755,3,3,1,0,0,2,1
12A192,30,41065,1,1,0,2,12,221,2,22,7,4,6,1,1,1,1,2,2,1,2,2,,2,1,2,2,2,2,,3,700,1,2,1,,2,2,,2,1,2,2,2,1,2,2,2,,3,900,1,2,1,,0,0,,0,0,0,0,0,0,0,0,0,0,,0,0,0,2,2,,45,2,0,,4,4,1,0,,1,1,2,2,1,1,1,2,1,1,1,1,1,1,1,19858,1,2,1,1,1,0,1
12A192,30,41065,2,1,0,1,12,221,2,33,7,4,1,1,1,1,2,2,2,1,4,3,,2,2,1,1,2,2,,1,0,1,2,1,,0,0,,0,0,0,0,0,0,0,0,0,,0,0,0,0,0,,0,0,,0,0,0,0,0,0,0,0,0,0,,0,0,0,2,4,,40,1,5,,3,3,1,0,,2,2,2,2,1,1,1,1,1,3,1,1,1,1,1,6979,1,2,1,1,0,0,1
12A192,30,41065,3,1,0,1,12,221,2,61,4,3,7,1,1,1,2,1,2,2,2,4,,2,2,2,1,2,2,,2,0,2,1,1,,0,0,,0,0,0,0,0,0,0,0,0,,0,0,0,0,0,,5,4,,1,1,1,1,1,3,50,2,1,1,,0,0,0,0,0,,25,2,0,,2,2,2,0,,2,2,2,2,3,1,1,2,1,2,1,3,1,1,3,14493,1,2,1,2,0,2,1
13B196,30,41090,3,1,0,1,12,221,2,73,3,1,1,1,1,1,1,1,2,2,3,4,,2,2,2,1,2,2,,2,0,2,1,1,,2,4,,2,2,1,2,2,2,2,1,2,,2,0,2,1,1,,5,4,,2,2,2,2,1,3,30,2,1,1,,0,0,0,0,0,,60,2,0,,4,3,2,0,,2,2,2,2,1,1,1,2,1,2,1,3,3,1,2,17508,1,2,1,2,2,2,1
13B196,30,41090,4,1,0,1,12,221,1,37,7,4,1,1,1,1,2,1,2,1,2,4,,2,2,1,2,2,2,,2,0,2,1,1,,0,0,,0,0,0,0,0,0,0,0,0,,0,0,0,0,0,,4,4,,1,1,1,2,1,1,0,1,2,1,,0,0,0,2,4,,40,1,5,,3,4,2,0,,2,2,2,2,3,1,1,1,1,1,1,1,1,1,3,16321,1,2,1,2,0,1,1
13B196,30,41090,2,1,0,2,12,221,2,30,7,4,1,1,1,2,2,2,2,1,0,0,,0,0,0,0,0,0,,0,0,0,0,0,,0,0,,0,0,0,0,0,0,0,0,0,,0,0,0,0,0,,0,0,,0,0,0,0,0,0,0,0,0,0,,0,0,0,2,3,,10,1,6,,2,3,1,0,,2,2,2,2,1,1,1,2,1,1,1,1,1,1,1,21457,1,3,1,0,0,0,2
13B196,30,41090,1,1,0,1,12,221,2,28,7,5,1,1,1,1,2,2,2,2,2,3,,2,2,2,1,2,2,,3,300,2,1,1,,0,0,,0,0,0,0,0,0,0,0,0,,0,0,0,0,0,,0,0,,0,0,0,0,0,0,0,0,0,0,,0,0,0,0,0,,30,2,0,,2,3,2,0,,2,2,2,1,2,2,1,2,1,4,1,2,2,2,2,14305,1,1,1,2,0,0,1
11B187,30,41119,1,1,0,1,12,221,1,72,0, ,8,1,1,2,2,1,2,2,0,0,,0,0,0,0,0,0,,0,0,0,0,0,,0,0,,0,0,0,0,0,0,0,0,0,,0,0,0,0,0,,5,4,,1,1,1,2,1,3,50,2,1,1,,0,0,0,0,0,,30,2,0,,1,3,2,0,,2,2,2,2,3,1,3,0,1,2,1,1,3,1,3,7125,1,3,1,0,0,2,1
11B187,30,41119,3,1,0,3,12,221,1,27,4,3,1,1,1,1,2,2,2,1,2,2,,2,1,2,2,2,2,,3,400,2,1,2,,0,0,,0,0,0,0,0,0,0,0,0,,0,0,0,0,0,,0,0,,0,0,0,0,0,0,0,0,0,0,,0,0,0,1,3,,30,2,0,,3,3,1,0,,1,2,2,2,1,1,1,1,1,2,1,1,1,1,1,19331,1,2,1,2,0,0,1
11B187,30,41119,4,1,0,2,12,221,2,69,3,3,7,1,1,1,1,2,2,2,1,4,,2,1,2,2,2,2,,2,0,2,1,1,,2,4,,2,2,2,1,2,2,2,2,2,,3,150,2,1,1,,0,0,,0,0,0,0,0,0,0,0,0,0,,0,0,0,0,0,,20,2,0,,2,3,2,0,,1,2,2,2,1,1,1,1,1,4,1,3,3,1,3,13265,1,2,1,2,2,0,1
13A192,30,41129,4,1,0,1,12,221,2,55,4,4,1,1,1,1,2,1,2,2,2,3,,2,2,1,1,2,2,,2,0,2,1,1,,0,0,,0,0,0,0,0,0,0,0,0,,0,0,0,0,0,,4,4,,1,2,1,1,1,3,40,2,1,1,,0,0,0,0,0,,20,2,0,,2,3,2,0,,2,2,2,2,1,1,1,2,1,1,1,1,1,2,2,27507,1,2,1,2,0,2,1
13A192,30,41129,3,1,0,1,12,221,2,53,2,6,1,1,1,2,1,2,2,1,0,0,,0,0,0,0,0,0,,0,0,0,0,0,,4,3,,2,2,2,2,1,2,2,1,2,,2,0,2,1,1,,0,0,,0,0,0,0,0,0,0,0,0,0,,0,0,0,3,3,,10,2,0,,2,2,2,0,,2,2,2,2,2,2,2,0,2,0,1,3,1,1,1,16993,1,3,1,0,2,0,1
13A192,30,41129,2,1,0,2,12,221,2,46,7,4,1,1,1,1,2,1,2,1,1,1,,2,2,1,2,2,2,,2,0,2,1,1,,0,0,,0,0,0,0,0,0,0,0,0,,0,0,0,0,0,,2,3,,1,1,1,1,1,1,0,1,2,1,,0,0,0,2,1,,60,1,3,,2,3,1,0,,2,1,1,2,2,1,1,2,1,1,1,1,1,1,2,16993,1,2,1,2,0,1,1
13A192,30,41129,1,1,0,1,12,221,2,33,7,4,1,1,1,1,2,1,2,1,7,4,,2,2,2,1,2,2,,3,1500,2,1,1,,0,0,,0,0,0,0,0,0,0,0,0,,0,0,0,0,0,,2,3,,1,2,1,2,2,1,0,1,2,1,,0,0,0,2,4,,60,2,0,,3,4,2,0,,1,1,2,1,1,1,1,1,1,5,1,2,1,1,1,8829,1,2,1,2,0,1,1
12B187,30,41150,4,1,0,2,12,221,2,57,2,1,7,1,1,2,2,1,2,2,0,0,,0,0,0,0,0,0,,0,0,0,0,0,,0,0,,0,0,0,0,0,0,0,0,0,,0,0,0,0,0,,3,4,,2,1,1,1,1,3,30,2,1,1,,0,0,0,0,0,,20,2,0,,2,2,2,0,,2,2,2,2,2,3,2,0,1,1,1,1,1,2,2,26060,1,3,1,0,0,2,1
12B187,30,41150,3,1,0,2,12,221,2,29,4,3,1,1,1,1,2,2,2,1,2,4,,2,2,1,2,2,2,,2,0,2,1,1,,0,0,,0,0,0,0,0,0,0,0,0,,0,0,0,0,0,,0,0,,0,0,0,0,0,0,0,0,0,0,,0,0,0,2,4,,25,2,0,,3,3,1,0,,1,2,2,2,2,1,1,2,1,2,1,1,1,1,2,18821,1,2,1,2,0,0,1
12B187,30,41150,1,1,0,1,12,221,1,46,4,3,1,1,1,1,2,1,2,1,3,2,,2,1,2,2,2,2,,1,0,1,2,1,,0,0,,0,0,0,0,0,0,0,0,0,,0,0,0,0,0,,7,4,,1,1,2,2,2,3,60,2,1,2,,0,0,0,2,2,,60,2,0,,3,3,2,0,,2,2,2,2,2,2,3,0,3,0,1,2,1,1,1,14962,1,2,1,1,0,2,1
12B187,30,41150,2,1,0,1,12,221,2,48,3,3,1,1,1,2,2,1,2,2,0,0,,0,0,0,0,0,0,,0,0,0,0,0,,0,0,,0,0,0,0,0,0,0,0,0,,0,0,0,0,0,,6,4,,1,1,1,2,1,3,60,2,1,1,,0,0,0,0,0,,30,2,0,,2,3,2,0,,2,2,2,2,2,1,2,0,1,1,1,3,1,2,3,18111,1,3,1,0,0,2,1
12B194,30,41275,3,1,0,2,12,221,2,61,6,3,7,1,1,2,2,2,2,2,0,0,,0,0,0,0,0,0,,0,0,0,0,0,,0,0,,0,0,0,0,0,0,0,0,0,,0,0,0,0,0,,0,0,,0,0,0,0,0,0,0,0,0,0,,0,0,0,0,0,,0,0,0,,0,0,0,3,,2,2,2,2,3,3,3,0,1,1,1,1,1,1,1,20902,2,4,2,0,0,0,2
12B194,30,41275,1,1,0,1,12,221,1,74,4,3,8,1,1,1,2,1,2,2,2,4,,2,2,2,1,2,2,,2,0,2,1,1,,0,0,,0,0,0,0,0,0,0,0,0,,0,0,0,0,0,,4,4,,1,1,1,1,1,3,40,2,1,1,,0,0,0,0,0,,30,2,0,,2,2,2,0,,2,2,2,2,3,1,1,2,1,2,1,1,1,1,3,17644,1,2,1,2,0,2,1
12B194,30,41275,4,1,0,2,12,221,1,88,2,2,8,1,2,2,2,2,2,2,0,0,,0,0,0,0,0,0,,0,0,0,0,0,,0,0,,0,0,0,0,0,0,0,0,0,,0,0,0,0,0,,0,0,,0,0,0,0,0,0,0,0,0,0,,0,0,0,0,0,,0,0,0,,0,0,0,5,,2,2,2,2,2,2,1,1,1,6,1,3,3,3,3,17644,4,4,2,0,0,0,2
13B194,30,41276,3,1,0,3,12,221,1,18,4,3,1,1,2,1,1,2,1,2,3,4,,2,2,2,2,1,2,,2,0,2,1,1,,2,4,,1,2,2,2,2,1,2,2,2,,2,0,2,1,1,,0,0,,0,0,0,0,0,0,0,0,0,0,,5,2,1,0,0,,60,2,0,,4,4,1,0,,2,2,2,2,1,2,1,2,1,1,1,1,1,1,1,32582,3,2,1,2,2,0,1
13B194,30,41276,2,1,0,2,12,221,2,24,7,1,1,1,1,1,2,2,2,2,3,2,,2,1,2,2,2,2,,3,700,2,1,1,,0,0,,0,0,0,0,0,0,0,0,0,,0,0,0,0,0,,0,0,,0,0,0,0,0,0,0,0,0,0,,0,0,0,0,0,,60,2,0,,3,3,1,0,,2,2,2,2,3,3,3,0,1,1,1,2,2,1,1,37684,1,1,1,2,0,0,1
13B194,30,41276,4,1,0,1,12,221,1,26,3,3,1,1,1,2,2,2,2,1,0,0,,0,0,0,0,0,0,,0,0,0,0,0,,0,0,,0,0,0,0,0,0,0,0,0,,0,0,0,0,0,,0,0,,0,0,0,0,0,0,0,0,0,0,,0,0,0,1,1,,20,2,0,,4,3,1,0,,2,2,2,2,2,1,1,1,1,1,1,1,1,1,1,20996,1,3,1,0,0,0,2
13B194,30,41276,1,1,0,2,12,221,2,41,3,3,7,1,2,2,2,2,2,1,0,0,,0,0,0,0,0,0,,0,0,0,0,0,,0,0,,0,0,0,0,0,0,0,0,0,,0,0,0,0,0,,0,0,,0,0,0,0,0,0,0,0,0,0,,0,0,0,5,4,,30,1,5,,3,3,2,0,,2,2,2,2,2,2,2,0,1,1,1,2,1,2,2,18176,3,3,1,0,0,0,2
13B188,30,41279,4,1,0,2,12,221,2,69,2,6,7,1,1,1,2,2,2,1,1,4,,2,2,2,1,2,2,,2,0,2,1,1,,0,0,,0,0,0,0,0,0,0,0,0,,0,0,0,0,0,,0,0,,0,0,0,0,0,0,0,0,0,0,,0,0,0,5,5,,60,1,3,,4,3,1,0,,2,2,2,2,1,2,1,1,1,1,1,2,1,1,1,30491,1,2,1,2,0,0,1
13B188,30,41279,3,1,0,2,12,221,2,69,2,6,7,1,1,1,2,2,2,2,2,5,,2,2,2,2,2,1,LA BIBLIA,2,0,2,1,1,,0,0,,0,0,0,0,0,0,0,0,0,,0,0,0,0,0,,0,0,,0,0,0,0,0,0,0,0,0,0,,0,0,0,0,0,,120,2,0,,3,3,2,0,,2,2,2,2,3,3,1,1,2,0,1,3,3,1,3,20327,1,1,1,2,0,0,1
13B188,30,41279,2,1,0,1,12,221,1,63,7,5,8,1,1,1,1,1,2,1,1,4,,2,2,2,1,2,2,,2,0,2,1,1,,2,3,,2,1,2,2,2,2,1,2,2,,2,0,2,1,1,,2,3,,1,2,2,2,2,3,48,2,1,1,,0,0,0,2,3,,60,2,0,,1,3,1,0,,2,1,2,2,2,1,2,0,1,1,1,2,1,1,2,17073,1,2,1,2,2,2,1
12B188,30,41283,4,1,1,1,12,221,1,34,7,4,1,1,2,2,2,2,2,2,0,0,,0,0,0,0,0,0,,0,0,0,0,0,,0,0,,0,0,0,0,0,0,0,0,0,,0,0,0,0,0,,0,0,,0,0,0,0,0,0,0,0,0,0,,0,0,0,0,0,,0,0,0,,0,0,0,1,,2,2,2,2,2,2,2,0,1,2,1,1,1,1,1,7421,4,4,2,0,0,0,2
12B188,30,41283,2,1,1,2,12,221,1,18,2,5,1,1,2,2,2,2,2,2,0,0,,0,0,0,0,0,0,,0,0,0,0,0,,0,0,,0,0,0,0,0,0,0,0,0,,0,0,0,0,0,,0,0,,0,0,0,0,0,0,0,0,0,0,,0,0,0,0,0,,0,0,0,,0,0,0,3,,2,2,2,2,2,2,2,0,2,0,1,1,1,2,2,23031,4,4,2,0,0,0,2
12B188,30,41283,3,1,0,1,12,221,2,56,2,6,1,1,1,1,2,2,2,2,3,4,,2,2,2,1,2,2,,1,0,1,2,1,,0,0,,0,0,0,0,0,0,0,0,0,,0,0,0,0,0,,0,0,,0,0,0,0,0,0,0,0,0,0,,0,0,0,0,0,,120,2,0,,1,3,2,0,,2,2,2,2,2,2,2,0,2,0,1,2,2,2,2,12961,1,1,1,1,0,0,1
12B188,30,41283,1,1,0,1,12,221,2,46,3,3,1,1,2,2,2,2,2,2,0,0,,0,0,0,0,0,0,,0,0,0,0,0,,0,0,,0,0,0,0,0,0,0,0,0,,0,0,0,0,0,,0,0,,0,0,0,0,0,0,0,0,0,0,,0,0,0,0,0,,0,0,0,,0,0,0,3,,2,2,2,2,2,2,2,0,2,0,1,2,2,2,2,6005,4,4,2,0,0,0,2
12B195,30,41371,3,1,0,2,12,221,1,27,7,5,1,1,1,2,2,2,2,1,0,0,,0,0,0,0,0,0,,0,0,0,0,0,,0,0,,0,0,0,0,0,0,0,0,0,,0,0,0,0,0,,0,0,,0,0,0,0,0,0,0,0,0,0,,0,0,0,1,3,,60,2,0,,3,3,1,0,,2,2,2,2,2,1,1,2,1,3,1,2,1,1,2,27415,1,3,1,0,0,0,2
12B195,30,41371,1,1,0,1,12,221,1,43,7,3,1,1,2,2,2,2,2,2,0,0,,0,0,0,0,0,0,,0,0,0,0,0,,0,0,,0,0,0,0,0,0,0,0,0,,0,0,0,0,0,,0,0,,0,0,0,0,0,0,0,0,0,0,,0,0,0,0,0,,0,0,0,,0,0,0,3,,2,2,2,2,2,2,2,0,2,0,1,2,1,2,2,17536,4,4,2,0,0,0,2
12B195,30,41371,2,1,0,1,12,221,2,37,7,4,1,1,1,2,1,2,2,1,0,0,,0,0,0,0,0,0,,0,0,0,0,0,,10,1,,2,2,1,2,2,1,2,2,2,,1,0,1,2,1,,0,0,,0,0,0,0,0,0,0,0,0,0,,0,0,0,2,4,,10,2,0,,4,3,1,0,,1,2,2,2,1,1,2,0,2,0,1,2,2,2,2,15821,1,3,1,0,1,0,1
12B195,30,41371,4,1,0,1,12,221,1,34,4,3,1,1,1,2,1,1,2,1,0,0,,0,0,0,0,0,0,,0,0,0,0,0,,3,4,,2,1,2,2,2,1,2,2,2,,3,150,2,1,1,,3,4,,1,1,1,1,1,3,36,2,1,1,,0,0,0,2,4,,10,1,6,,1,3,1,0,,2,2,2,2,2,1,2,0,2,0,1,1,1,1,1,18276,1,3,1,0,2,2,1
12A191,30,41377,1,1,0,2,12,221,2,19,4,2,6,1,1,1,2,2,1,1,4,4,,2,2,2,1,2,2,,3,1000,2,1,1,,0,0,,0,0,0,0,0,0,0,0,0,,0,0,0,0,0,,0,0,,0,0,0,0,0,0,0,0,0,0,,3,1,2,3,3,,60,2,0,,4,3,1,0,,1,2,2,2,1,1,2,0,1,1,1,1,1,1,2,24461,1,2,1,2,0,0,1
12A191,30,41377,4,1,0,3,12,221,2,45,7,4,7,1,1,2,1,1,1,1,0,0,,0,0,0,0,0,0,,0,0,0,0,0,,3,3,,2,2,2,2,2,2,1,2,2,,1,0,1,2,1,,7,3,,1,2,1,1,1,1,0,1,2,1,,2,1,1,2,4,,60,2,0,,4,4,1,0,,2,2,2,2,1,1,1,2,1,1,1,1,1,1,1,24815,1,3,1,0,1,1,1
12A191,30,41377,2,1,0,1,12,221,1,81,2,6,8,1,1,1,2,2,2,2,1,3,,2,1,2,2,2,2,,2,0,2,1,1,,0,0,,0,0,0,0,0,0,0,0,0,,0,0,0,0,0,,0,0,,0,0,0,0,0,0,0,0,0,0,,0,0,0,0,0,,10,2,0,,1,1,2,0,,2,2,2,2,2,1,1,1,1,1,1,1,1,3,3,22606,1,1,1,2,0,0,1
12B193,31,40049,1,1,0,2,8,221,2,67,4,3,7,1,2,2,2,2,2,1,0,0,,0,0,0,0,0,0,,0,0,0,0,0,,0,0,,0,0,0,0,0,0,0,0,0,,0,0,0,0,0,,0,0,,0,0,0,0,0,0,0,0,0,0,,0,0,0,2,4,,20,2,0,,2,3,2,0,,2,2,2,2,2,3,2,0,3,0,1,2,3,3,2,26396,3,3,1,0,0,0,2
12B193,31,40049,3,1,0,4,8,221,1,27,7,5,1,1,1,2,2,1,2,2,0,0,,0,0,0,0,0,0,,0,0,0,0,0,,0,0,,0,0,0,0,0,0,0,0,0,,0,0,0,0,0,,1,3,,1,2,2,2,2,2,0,2,1,2,,0,0,0,0,0,,30,2,0,,2,4,1,0,,2,2,2,2,1,1,3,0,1,2,1,1,1,3,3,42742,1,3,1,0,0,2,1
11A192,31,40091,4,1,0,1,8,221,1,74,2,2,8,1,1,2,2,1,2,2,0,0,,0,0,0,0,0,0,,0,0,0,0,0,,0,0,,0,0,0,0,0,0,0,0,0,,0,0,0,0,0,,7,4,,1,1,1,1,1,3,28,2,1,1,,0,0,0,0,0,,60,2,0,,2,3,2,0,,2,2,2,2,2,2,2,0,2,0,1,2,2,1,1,14201,1,3,1,0,0,2,1
11A192,31,40091,2,1,0,1,8,221,1,29,4,3,1,1,1,1,2,1,1,1,2,4,,2,2,2,1,2,2,,2,0,2,1,1,,0,0,,0,0,0,0,0,0,0,0,0,,0,0,0,0,0,,5,3,,1,1,2,1,1,2,0,2,1,2,,4,1,2,5,4,,30,2,0,,2,2,1,0,,2,2,2,2,3,1,1,1,1,1,1,1,1,1,3,12842,1,2,1,2,0,2,1
11B196,31,40118,1,1,0,2,8,221,2,41,2,5,1,1,2,2,2,2,2,2,0,0,,0,0,0,0,0,0,,0,0,0,0,0,,0,0,,0,0,0,0,0,0,0,0,0,,0,0,0,0,0,,0,0,,0,0,0,0,0,0,0,0,0,0,,0,0,0,0,0,,0,0,0,,0,0,0,3,,2,2,2,2,2,2,2,0,2,0,1,1,1,1,1,14255,4,4,2,0,0,0,2
11B196,31,40118,4,1,0,1,8,221,1,20,3,3,1,1,1,2,2,1,1,2,0,0,,0,0,0,0,0,0,,0,0,0,0,0,,0,0,,0,0,0,0,0,0,0,0,0,,0,0,0,0,0,,1,4,,2,1,1,1,2,3,5,2,1,2,,2,2,1,0,0,,60,2,0,,3,2,2,0,,2,2,2,2,2,1,1,2,1,1,1,1,1,1,1,8518,1,3,1,0,0,2,1
11B196,31,40118,3,1,0,1,8,221,2,81,0, ,9,1,1,1,2,2,2,2,1,5,,2,2,2,2,2,1,BIBLIA,2,0,2,1,1,,0,0,,0,0,0,0,0,0,0,0,0,,0,0,0,0,0,,0,0,,0,0,0,0,0,0,0,0,0,0,,0,0,0,0,0,,120,2,0,,1,4,2,0,,2,2,2,2,2,2,2,0,2,0,2,0,0,0,0,16949,1,1,1,2,0,0,1
11B196,31,40118,2,1,0,2,8,221,2,42,3,2,1,1,1,1,1,1,1,1,8,3,,2,1,2,2,2,2,,3,800,2,1,1,,3,4,,2,2,1,1,2,2,2,2,2,,2,0,2,1,1,,7,3,,1,1,1,1,1,3,35,2,1,1,,5,2,1,5,3,,30,1,2,,3,4,2,0,,2,2,2,2,1,1,1,2,1,3,1,1,1,1,1,14255,1,2,1,2,2,2,1
11B193,31,40149,4,1,0,2,8,221,2,29,3,3,7,1,2,2,2,1,2,1,0,0,,0,0,0,0,0,0,,0,0,0,0,0,,0,0,,0,0,0,0,0,0,0,0,0,,0,0,0,0,0,,3,3,,2,2,1,1,1,2,0,2,1,1,,0,0,0,5,4,,10,1,3,,2,3,2,0,,2,2,2,2,1,1,1,2,1,2,1,1,1,1,1,7464,3,3,1,0,0,2,1
11B193,31,40149,2,1,0,1,8,221,1,65,7,5,8,1,1,1,1,1,2,2,12,4,,2,2,2,1,1,2,,2,0,2,1,1,,3,3,,1,2,2,2,2,2,2,2,2,,2,0,2,1,1,,7,3,,2,1,1,1,1,1,0,1,2,1,,0,0,0,0,0,,210,2,0,,3,3,1,0,,2,2,2,2,2,1,1,2,1,6,1,2,1,1,2,14722,1,2,1,2,2,1,1
11B193,31,40149,1,1,0,1,8,221,1,38,6,2,1,1,1,1,2,1,2,1,1,4,,2,2,2,1,2,2,,3,200,2,1,1,,0,0,,0,0,0,0,0,0,0,0,0,,0,0,0,0,0,,3,3,,1,1,2,2,1,2,0,1,1,4,,0,0,0,5,4,,60,2,0,,2,3,1,0,,2,2,2,2,2,1,1,1,2,0,1,1,1,1,1,8516,1,2,1,2,0,3,1
11B193,31,40149,3,1,0,2,8,221,2,27,3,3,7,1,1,2,2,2,2,1,0,0,,0,0,0,0,0,0,,0,0,0,0,0,,0,0,,0,0,0,0,0,0,0,0,0,,0,0,0,0,0,,0,0,,0,0,0,0,0,0,0,0,0,0,,0,0,0,5,3,,10,2,0,,1,2,2,0,,2,2,2,2,2,1,2,0,2,0,1,1,1,1,1,11196,1,3,1,0,0,0,2
12B187,31,40150,3,1,0,2,8,221,1,43,2,6,1,1,1,1,1,1,1,1,1,4,,2,2,2,1,2,2,,2,0,2,1,2,,4,3,,1,2,2,2,2,2,2,1,2,,2,0,2,1,2,,7,3,,2,1,1,2,1,2,0,2,1,2,,3,2,1,1,3,,60,2,0,,3,3,1,0,,2,1,1,2,1,1,1,2,1,2,1,1,1,1,1,16905,1,2,1,2,2,2,1
12B187,31,40150,4,1,0,3,8,221,2,19,3,3,4,1,2,2,1,2,2,1,0,0,,0,0,0,0,0,0,,0,0,0,0,0,,5,4,,2,2,2,1,2,2,2,2,2,,2,0,1,1,2,,0,0,,0,0,0,0,0,0,0,0,0,0,,0,0,0,1,4,,30,2,0,,4,3,1,0,,2,2,2,2,2,2,3,0,2,0,1,1,1,1,1,31624,3,3,1,0,3,0,1
12B187,31,40150,2,1,0,2,8,221,2,24,7,1,1,1,1,1,2,2,2,1,10,3,,2,2,2,1,1,2,,2,0,1,1,1,,0,0,,0,0,0,0,0,0,0,0,0,,0,0,0,0,0,,0,0,,0,0,0,0,0,0,0,0,0,0,,0,0,0,5,3,,30,2,0,,4,4,1,0,,1,2,1,2,2,2,2,0,2,0,1,2,1,1,1,31624,1,2,1,3,0,0,1
11B187,31,40154,4,1,0,3,8,221,1,41,3,3,1,1,1,1,1,1,1,1,1,4,,2,2,2,2,1,2,,2,0,1,2,1,,2,4,,1,2,2,2,2,2,2,2,2,,1,0,1,2,1,,6,4,,2,1,1,1,1,3,60,2,1,1,,5,1,2,5,4,,10,2,0,,2,4,2,0,,2,2,2,2,3,1,1,1,3,0,1,1,1,1,1,31695,1,2,1,1,1,2,1
11B187,31,40154,3,1,0,1,8,221,1,71,2,6,1,1,1,2,2,1,2,2,0,0,,0,0,0,0,0,0,,0,0,0,0,0,,0,0,,0,0,0,0,0,0,0,0,0,,0,0,0,0,0,,7,3,,2,2,2,2,2,3,35,2,1,1,,0,0,0,0,0,,60,2,0,,3,3,1,0,,2,2,2,2,2,2,1,2,2,0,1,2,1,1,2,27396,1,3,1,0,0,2,1
11B187,31,40154,1,1,0,2,8,221,2,40,4,3,7,1,1,2,1,1,1,1,0,0,,0,0,0,0,0,0,,0,0,0,0,0,,6,4,,2,2,2,2,2,2,2,1,2,,1,0,1,2,1,,4,3,,1,2,1,1,1,1,0,1,2,1,,5,1,2,5,3,,30,1,1,,3,4,2,0,,2,2,2,2,1,1,1,2,1,1,1,1,1,1,1,14298,1,3,1,0,1,1,1
11B187,31,40154,2,1,0,5,8,221,1,19,2,6,1,1,2,1,1,1,1,1,6,4,,2,2,2,2,1,2,,3,20,2,1,1,,15,4,,1,2,2,2,2,2,2,2,2,,1,0,1,2,2,,8,4,,1,2,1,1,1,3,40,2,1,1,,5,2,1,1,4,,50,1,3,,2,2,1,0,,2,2,2,2,3,3,1,2,1,6,1,2,1,2,2,42718,3,2,1,2,1,2,1
13B188,31,40248,1,1,0,2,8,221,1,59,8,2,7,1,1,1,1,2,2,1,2,4,,2,2,2,2,1,2,,3,450,2,1,1,,3,4,,2,1,1,2,2,2,2,2,2,,1,0,1,2,1,,0,0,,0,0,0,0,0,0,0,0,0,0,,0,0,0,1,4,,240,2,0,,4,4,2,0,,2,2,2,2,2,1,2,0,1,5,1,3,2,2,2,23545,1,2,1,2,1,0,1
13B188,31,40248,3,1,0,4,8,221,2,24,6,2,6,1,1,1,1,2,2,2,15,2,,2,1,2,2,2,2,,3,1000,2,1,1,,5,4,,2,2,2,2,2,2,1,2,2,,2,0,2,1,2,,0,0,,0,0,0,0,0,0,0,0,0,0,,0,0,0,0,0,,25,1,5,,2,3,1,0,,2,2,2,2,3,3,3,0,1,1,1,3,1,3,3,43449,1,2,1,2,2,0,1
13B194,31,40274,1,1,0,4,8,221,1,25,7,2,1,1,1,1,1,1,1,1,3,4,,2,2,2,1,2,2,,3,500,2,1,1,,4,4,,1,2,2,2,2,1,2,2,2,,3,300,2,1,1,,3,3,,1,2,1,1,1,2,0,2,1,2,,5,1,2,1,4,,60,1,5,,3,3,1,0,,2,2,2,2,1,1,3,0,1,1,1,2,1,1,1,57978,1,2,1,2,2,2,1
13B194,31,40274,2,1,0,1,8,221,1,50,7,5,1,1,1,2,1,1,2,1,0,0,,0,0,0,0,0,0,,0,0,0,0,0,,3,4,,2,1,2,2,2,2,2,2,2,,2,0,2,1,1,,4,3,,1,2,1,2,2,3,40,2,1,1,,0,0,0,5,4,,60,2,0,,3,4,2,0,,2,2,2,2,2,1,1,2,1,5,1,2,1,2,2,38761,1,3,1,0,2,2,1
13B194,31,40274,3,1,0,2,8,221,2,26,7,3,1,1,1,1,1,2,2,2,1,5,,2,2,1,2,2,2,,1,0,1,2,1,,1,4,,2,2,2,2,2,2,2,1,2,,2,0,2,1,1,,0,0,,0,0,0,0,0,0,0,0,0,0,,0,0,0,0,0,,15,2,0,,3,3,2,0,,2,2,2,1,2,1,1,2,1,2,1,1,1,1,1,16254,1,2,1,1,2,0,1
12B195,31,40336,2,1,0,4,8,221,2,24,7,4,1,1,1,1,2,2,1,1,3,4,,2,2,2,1,2,2,,3,750,2,1,1,,0,0,,0,0,0,0,0,0,0,0,0,,0,0,0,0,0,,0,0,,0,0,0,0,0,0,0,0,0,0,,5,1,1,5,1,,60,1,5,,3,3,1,0,,2,2,2,2,2,1,2,0,1,1,1,1,1,1,1,52623,1,2,1,2,0,0,1
12B195,31,40336,1,1,0,1,8,221,1,44,3,3,1,1,2,2,2,2,2,2,0,0,,0,0,0,0,0,0,,0,0,0,0,0,,0,0,,0,0,0,0,0,0,0,0,0,,0,0,0,0,0,,0,0,,0,0,0,0,0,0,0,0,0,0,,0,0,0,0,0,,0,0,0,,0,0,0,1,,2,2,2,2,2,1,2,0,1,1,1,2,1,1,2,16879,4,4,2,0,0,0,2
12B195,31,40336,3,1,0,1,8,221,2,63,7,4,8,1,1,1,1,2,2,1,3,4,,2,1,2,1,2,2,,2,0,2,1,1,,2,3,,2,2,1,2,2,2,2,2,2,,2,0,2,1,1,,0,0,,0,0,0,0,0,0,0,0,0,0,,0,0,0,5,3,,60,1,7,VER TELE,2,2,2,0,,1,1,2,2,1,1,1,2,1,1,1,1,1,1,1,15363,1,2,1,2,2,0,1
12B195,31,40336,4,1,0,2,8,221,1,27,7,4,1,1,1,1,2,2,2,1,7,1,,1,1,2,2,2,2,,3,2000,1,1,1,,0,0,,0,0,0,0,0,0,0,0,0,,0,0,0,0,0,,0,0,,0,0,0,0,0,0,0,0,0,0,,0,0,0,1,1,,20,1,6,,3,3,1,0,,1,2,2,2,1,1,2,0,1,5,1,1,1,2,1,17591,1,2,1,3,0,0,1
11A191,31,40376,1,1,0,1,8,221,1,57,2,6,1,1,1,1,2,1,2,2,2,4,,2,2,1,2,1,2,,2,0,2,1,4,,0,0,,0,0,0,0,0,0,0,0,0,,0,0,0,0,0,,14,3,,1,1,1,1,1,3,28,2,1,1,,0,0,0,0,0,,60,2,0,,4,3,2,0,,2,2,2,2,2,2,2,0,2,0,1,2,1,1,1,5664,1,2,1,2,0,2,1
11A191,31,40376,3,1,0,1,8,221,1,57,4,3,1,1,1,1,1,2,2,1,2,3,,2,2,2,2,1,2,,2,0,2,1,2,,2,1,,1,2,2,2,2,2,2,2,2,,2,0,2,1,2,,0,0,,0,0,0,0,0,0,0,0,0,0,,0,0,0,1,3,,20,1,5,,4,3,1,0,,2,2,2,2,2,1,2,0,1,1,1,1,1,1,1,16992,1,2,1,2,2,0,1
11A191,31,40376,4,1,0,2,8,221,2,38,7,5,7,1,1,2,2,1,1,1,0,0,,0,0,0,0,0,0,,0,0,0,0,0,,0,0,,0,0,0,0,0,0,0,0,0,,0,0,0,0,0,,3,3,,1,2,2,2,2,2,0,2,1,1,,5,1,1,5,3,,40,2,0,,4,3,1,0,,1,1,2,2,1,2,2,0,1,1,1,2,1,2,2,17015,1,3,1,0,0,2,1
11B195,31,40406,4,1,0,2,8,221,1,65,0, ,8,2,0,0,0,0,0,0,0,0,,0,0,0,0,0,0,,0,0,0,0,0,,0,0,,0,0,0,0,0,0,0,0,0,,0,0,0,0,0,,0,0,,0,0,0,0,0,0,0,0,0,0,,0,0,0,0,0,,0,0,0,,0,0,0,0,,0,0,0,0,0,0,0,0,0,0,0,0,0,0,0,15164,0,0,0,0,0,0,0
11B195,31,40406,1,1,0,3,8,221,2,21,3,3,7,1,2,2,2,2,2,2,0,0,,0,0,0,0,0,0,,0,0,0,0,0,,0,0,,0,0,0,0,0,0,0,0,0,,0,0,0,0,0,,0,0,,0,0,0,0,0,0,0,0,0,0,,0,0,0,0,0,,0,0,0,,0,0,0,1,,2,2,2,2,2,2,1,1,1,6,1,1,2,2,2,24612,4,4,2,0,0,0,2
11B195,31,40406,2,1,0,2,8,221,1,34,4,3,1,1,2,2,2,2,2,2,0,0,,0,0,0,0,0,0,,0,0,0,0,0,,0,0,,0,0,0,0,0,0,0,0,0,,0,0,0,0,0,,0,0,,0,0,0,0,0,0,0,0,0,0,,0,0,0,0,0,,0,0,0,,0,0,0,2,,2,2,2,2,2,1,1,1,1,3,1,2,1,1,2,27425,4,4,2,0,0,0,2
12A191,31,40414,2,1,0,2,8,221,2,40,2,6,1,1,2,2,2,2,2,2,0,0,,0,0,0,0,0,0,,0,0,0,0,0,,0,0,,0,0,0,0,0,0,0,0,0,,0,0,0,0,0,,0,0,,0,0,0,0,0,0,0,0,0,0,,0,0,0,0,0,,0,0,0,,0,0,0,3,,2,2,2,2,2,2,2,0,2,0,1,2,2,2,2,22192,4,4,2,0,0,0,2
12A191,31,40414,4,1,0,2,8,221,2,41,3,3,7,1,1,1,1,1,2,2,3,5,,2,2,2,1,2,1,BIBLIA,2,0,2,1,1,,2,4,,2,2,2,2,2,2,2,1,2,,2,0,2,1,1,,4,1,,2,2,1,1,1,2,0,2,1,1,,0,0,0,0,0,,120,2,0,,4,3,1,0,,2,2,2,2,1,1,1,1,1,1,1,2,1,1,1,22192,1,2,1,2,2,2,1
12A191,31,40414,3,1,0,2,8,221,2,39,3,3,7,1,2,2,2,2,2,2,0,0,,0,0,0,0,0,0,,0,0,0,0,0,,0,0,,0,0,0,0,0,0,0,0,0,,0,0,0,0,0,,0,0,,0,0,0,0,0,0,0,0,0,0,,0,0,0,0,0,,0,0,0,,0,0,0,3,,2,2,2,2,2,2,2,0,2,0,1,3,3,3,3,14795,4,4,2,0,0,0,2
12A191,31,40414,1,1,0,2,8,221,2,46,3,3,7,1,1,1,1,1,2,2,1,3,,2,2,2,2,1,2,,2,0,2,1,1,,2,4,,2,2,1,2,2,2,2,2,2,,3,80,2,1,1,,1,3,,2,2,1,2,2,3,10,2,1,1,,0,0,0,0,0,,15,2,0,,3,1,2,0,,2,2,2,2,2,1,2,0,2,0,1,2,2,1,1,20745,1,2,1,2,2,2,1
11B193,32,40047,4,1,0,1,32,221,2,45,3,3,1,1,1,1,2,1,2,2,2,4,,2,2,1,2,2,2,,1,0,1,2,1,,0,0,,0,0,0,0,0,0,0,0,0,,0,0,0,0,0,,5,4,,1,2,2,1,2,2,0,2,1,2,,0,0,0,0,0,,30,2,0,,3,2,1,0,,2,2,2,2,2,1,2,0,2,0,1,1,1,1,2,11578,1,2,1,1,0,2,1
11B193,32,40047,3,1,0,1,32,221,1,42,3,3,1,1,1,2,1,2,2,1,0,0,,0,0,0,0,0,0,,0,0,0,0,0,,3,4,,2,1,2,2,2,2,2,2,2,,2,0,1,1,2,,0,0,,0,0,0,0,0,0,0,0,0,0,,0,0,0,1,4,,5,2,0,,2,2,2,0,,2,2,2,2,2,1,1,2,1,1,1,2,2,2,2,13728,1,3,1,0,3,0,1
11B193,32,40047,1,1,0,4,32,221,2,21,7,2,6,1,1,1,2,2,2,1,6,2,,2,1,2,2,2,2,,1,0,1,2,1,,0,0,,0,0,0,0,0,0,0,0,0,,0,0,0,0,0,,0,0,,0,0,0,0,0,0,0,0,0,0,,0,0,0,2,2,,60,2,0,,2,3,1,0,,2,2,2,2,1,1,1,2,1,1,1,1,1,1,1,42799,1,2,1,1,0,0,1
11B196,32,40054,2,1,0,3,32,221,2,35,4,3,7,1,1,1,2,2,2,2,10,5,,2,2,2,2,2,1,RELIGIOSOS,2,0,2,1,1,,0,0,,0,0,0,0,0,0,0,0,0,,0,0,0,0,0,,0,0,,0,0,0,0,0,0,0,0,0,0,,0,0,0,0,0,,60,2,0,,2,3,1,0,,2,2,2,2,1,2,1,2,2,0,1,1,1,1,2,24427,1,1,1,2,0,0,1
11B196,32,40054,1,1,0,1,32,221,2,67,2,3,7,1,1,1,1,2,2,2,2,5,,2,2,1,2,2,2,,2,0,2,1,1,,3,4,,2,2,1,2,2,2,2,2,2,,2,0,2,1,1,,0,0,,0,0,0,0,0,0,0,0,0,0,,0,0,0,0,0,,60,2,0,,1,1,2,0,,2,2,2,2,2,2,2,0,2,0,1,2,1,2,2,14522,1,2,1,2,2,0,1
11B196,32,40054,4,1,0,1,32,221,2,46,6,1,1,1,1,2,2,1,2,2,0,0,,0,0,0,0,0,0,,0,0,0,0,0,,0,0,,0,0,0,0,0,0,0,0,0,,0,0,0,0,0,,5,4,,2,2,2,2,1,1,0,1,2,1,,0,0,0,0,0,,30,1,6,,3,4,1,0,,2,2,2,2,1,1,2,0,2,0,1,1,1,1,1,17125,1,3,1,0,0,1,1
11B196,32,40054,3,1,0,1,32,221,1,65,2,6,1,1,2,2,2,2,2,2,0,0,,0,0,0,0,0,0,,0,0,0,0,0,,0,0,,0,0,0,0,0,0,0,0,0,,0,0,0,0,0,,0,0,,0,0,0,0,0,0,0,0,0,0,,0,0,0,0,0,,0,0,0,,0,0,0,2,,2,2,2,2,2,2,2,0,2,0,1,2,2,2,2,15602,4,4,2,0,0,0,2
13B193,32,40081,1,1,0,1,32,221,1,67,9,4,1,1,1,1,1,2,2,1,1,1,,2,1,2,2,2,2,,1,0,1,2,1,,1,1,,2,1,2,2,2,2,2,2,2,,1,0,1,2,1,,0,0,,0,0,0,0,0,0,0,0,0,0,,0,0,0,2,1,,120,2,0,,4,4,1,0,,2,2,2,2,2,2,2,0,1,1,1,2,1,1,1,21558,1,2,1,1,1,0,1
13B193,32,40081,2,1,0,1,32,221,1,43,7,4,1,1,1,1,1,1,2,1,4,1,,2,1,2,2,2,2,,3,500,1,2,1,,10,2,,2,1,2,1,2,1,2,2,2,,1,0,1,2,1,,5,1,,1,2,2,2,2,1,0,1,2,1,,0,0,0,1,2,,30,1,6,,3,3,1,0,,2,2,1,2,2,1,1,2,1,4,1,2,1,1,3,18705,1,2,1,1,1,1,1
13B193,32,40081,4,1,0,2,32,221,1,49,2,3,1,1,2,2,2,2,2,2,0,0,,0,0,0,0,0,0,,0,0,0,0,0,,0,0,,0,0,0,0,0,0,0,0,0,,0,0,0,0,0,,0,0,,0,0,0,0,0,0,0,0,0,0,,0,0,0,0,0,,0,0,0,,0,0,0,3,,2,2,2,2,2,2,2,0,1,1,1,2,1,1,2,48874,4,4,2,0,0,0,2
11A192,32,40095,1,1,0,1,32,221,1,54,3,1,1,1,2,2,2,2,2,2,0,0,,0,0,0,0,0,0,,0,0,0,0,0,,0,0,,0,0,0,0,0,0,0,0,0,,0,0,0,0,0,,0,0,,0,0,0,0,0,0,0,0,0,0,,0,0,0,0,0,,0,0,0,,0,0,0,1,,2,2,2,2,2,2,2,0,2,0,1,1,1,1,1,17829,4,4,2,0,0,0,2
11A192,32,40095,2,1,0,2,32,221,2,55,3,3,7,1,2,1,2,2,2,2,1,4,,2,2,2,1,2,2,,1,0,1,2,1,,0,0,,0,0,0,0,0,0,0,0,0,,0,0,0,0,0,,0,0,,0,0,0,0,0,0,0,0,0,0,,0,0,0,0,0,,30,2,0,,2,3,1,0,,2,2,2,2,2,2,2,0,2,0,1,2,1,2,2,23290,3,1,1,1,0,0,1
11A192,32,40095,3,1,0,1,32,221,1,32,3,3,1,1,2,2,2,1,2,2,0,0,,0,0,0,0,0,0,,0,0,0,0,0,,0,0,,0,0,0,0,0,0,0,0,0,,0,0,0,0,0,,1,4,,1,1,2,2,2,3,5,2,1,2,,0,0,0,0,0,,10,2,0,,2,4,2,0,,2,2,2,2,2,2,2,0,1,1,1,1,1,1,1,17778,3,3,1,0,0,2,1
11A192,32,40095,4,1,0,2,32,221,2,26,6,3,1,1,2,2,2,2,2,1,0,0,,0,0,0,0,0,0,,0,0,0,0,0,,0,0,,0,0,0,0,0,0,0,0,0,,0,0,0,0,0,,0,0,,0,0,0,0,0,0,0,0,0,0,,0,0,0,1,4,,20,2,0,,4,4,2,0,,2,2,2,2,1,1,1,2,1,1,1,1,1,1,1,14952,3,3,1,0,0,0,2
13B187,32,40150,1,1,0,1,32,221,1,38,4,3,1,1,1,2,2,2,2,1,0,0,,0,0,0,0,0,0,,0,0,0,0,0,,0,0,,0,0,0,0,0,0,0,0,0,,0,0,0,0,0,,0,0,,0,0,0,0,0,0,0,0,0,0,,0,0,0,2,3,,30,2,0,,2,3,2,0,,2,2,2,2,1,2,2,0,2,0,1,2,1,2,1,15140,1,3,1,0,0,0,2
13B187,32,40150,3,1,0,2,32,221,1,32,7,5,4,1,1,2,2,2,2,1,0,0,,0,0,0,0,0,0,,0,0,0,0,0,,0,0,,0,0,0,0,0,0,0,0,0,,0,0,0,0,0,,0,0,,0,0,0,0,0,0,0,0,0,0,,0,0,0,2,1,,45,2,0,,2,2,2,0,,1,1,2,2,1,1,1,2,2,0,1,1,1,1,1,31559,1,3,1,0,0,0,2
13B187,32,40150,4,1,0,1,32,221,1,53,3,3,1,1,2,2,2,2,2,2,0,0,,0,0,0,0,0,0,,0,0,0,0,0,,0,0,,0,0,0,0,0,0,0,0,0,,0,0,0,0,0,,0,0,,0,0,0,0,0,0,0,0,0,0,,0,0,0,0,0,,0,0,0,,0,0,0,1,,2,2,2,2,2,2,2,0,2,0,1,1,1,1,1,23736,4,4,2,0,0,0,2
11B187,32,40151,1,1,0,1,32,221,1,63,2,6,1,1,1,1,2,2,2,2,2,5,,2,2,1,2,2,2,,3,100,2,1,1,,0,0,,0,0,0,0,0,0,0,0,0,,0,0,0,0,0,,0,0,,0,0,0,0,0,0,0,0,0,0,,0,0,0,0,0,,60,2,0,,1,2,2,0,,2,2,2,2,2,2,2,0,1,1,1,2,2,2,2,6087,1,1,1,2,0,0,1
11B187,32,40151,2,1,0,1,32,221,1,40,4,3,1,1,1,1,2,2,1,2,1,1,,1,2,2,2,2,2,,1,0,1,2,1,,0,0,,0,0,0,0,0,0,0,0,0,,0,0,0,0,0,,0,0,,0,0,0,0,0,0,0,0,0,0,,5,1,2,0,0,,30,2,0,,2,3,2,0,,2,2,2,2,2,2,1,1,2,0,1,2,1,2,2,13512,1,2,1,1,0,0,1
11B187,32,40151,3,1,0,2,32,221,2,71,2,6,7,1,1,1,2,2,2,2,1,5,,2,2,1,2,2,2,,2,0,2,1,1,,0,0,,0,0,0,0,0,0,0,0,0,,0,0,0,0,0,,0,0,,0,0,0,0,0,0,0,0,0,0,,0,0,0,0,0,,15,2,0,,2,3,2,0,,2,2,2,2,2,2,2,0,2,0,1,2,1,2,1,14495,1,1,1,2,0,0,1
11B187,32,40151,4,1,0,1,32,221,2,48,2,6,1,1,2,2,2,2,2,1,0,0,,0,0,0,0,0,0,,0,0,0,0,0,,0,0,,0,0,0,0,0,0,0,0,0,,0,0,0,0,0,,0,0,,0,0,0,0,0,0,0,0,0,0,,0,0,0,2,1,,40,2,0,,2,3,2,0,,2,2,2,2,2,1,1,2,1,1,1,1,1,1,2,17095,3,3,1,0,0,0,2
11B194,32,40208,1,1,0,1,32,221,1,27,99, ,1,1,1,2,2,2,2,1,0,0,,0,0,0,0,0,0,,0,0,0,0,0,,0,0,,0,0,0,0,0,0,0,0,0,,0,0,0,0,0,,0,0,,0,0,0,0,0,0,0,0,0,0,,0,0,0,2,1,,60,1,6,,2,2,2,0,,2,2,2,2,1,2,2,0,1,1,1,1,1,2,2,23999,1,3,1,0,0,0,2
11B194,32,40208,4,1,0,1,32,221,2,69,2,3,7,1,2,2,2,2,2,2,0,0,,0,0,0,0,0,0,,0,0,0,0,0,,0,0,,0,0,0,0,0,0,0,0,0,,0,0,0,0,0,,0,0,,0,0,0,0,0,0,0,0,0,0,,0,0,0,0,0,,0,0,0,,0,0,0,2,,2,2,2,2,2,2,2,0,2,0,1,2,2,1,2,8234,4,4,2,0,0,0,2
11B194,32,40208,3,1,0,1,32,221,1,59,2,6,7,1,2,2,2,2,2,2,0,0,,0,0,0,0,0,0,,0,0,0,0,0,,0,0,,0,0,0,0,0,0,0,0,0,,0,0,0,0,0,,0,0,,0,0,0,0,0,0,0,0,0,0,,0,0,0,0,0,,0,0,0,,0,0,0,1,,2,2,2,2,2,2,2,0,2,0,1,2,2,2,2,27664,4,4,2,0,0,0,2
11B194,32,40208,2,1,0,2,32,221,2,50,7,5,1,1,1,2,1,1,1,1,0,0,,0,0,0,0,0,0,,0,0,0,0,0,,10,1,,2,2,2,1,2,2,2,2,2,,1,0,1,2,2,,2,1,,1,2,2,1,2,1,0,1,2,2,,3,1,2,1,1,,15,1,6,,3,4,1,0,,2,2,2,2,2,1,2,0,1,4,1,1,1,1,1,12948,1,3,1,0,1,1,1
11B188,32,40283,3,1,0,1,32,221,2,34,3,3,7,1,2,1,2,2,2,1,3,4,,2,2,2,1,2,2,,1,0,1,2,1,,0,0,,0,0,0,0,0,0,0,0,0,,0,0,0,0,0,,0,0,,0,0,0,0,0,0,0,0,0,0,,0,0,0,2,4,,30,2,0,,2,4,2,0,,2,2,2,2,2,2,1,2,1,1,1,1,2,1,2,13443,3,2,1,1,0,0,1
11B188,32,40283,2,1,1,3,32,221,2,19,4,2,1,1,2,1,2,2,2,1,2,4,,2,2,2,1,2,2,,2,0,2,1,1,,0,0,,0,0,0,0,0,0,0,0,0,,0,0,0,0,0,,0,0,,0,0,0,0,0,0,0,0,0,0,,0,0,0,3,4,,30,2,0,,3,3,2,0,,2,2,2,2,2,2,1,2,2,0,1,1,1,1,2,38253,3,2,1,2,0,0,1
11B188,32,40283,4,1,0,2,32,221,2,31,4,2,1,1,2,2,2,2,2,2,0,0,,0,0,0,0,0,0,,0,0,0,0,0,,0,0,,0,0,0,0,0,0,0,0,0,,0,0,0,0,0,,0,0,,0,0,0,0,0,0,0,0,0,0,,0,0,0,0,0,,0,0,0,,0,0,0,3,,2,2,2,2,2,2,2,0,2,0,1,2,1,2,1,13443,4,4,2,0,0,0,2
11B188,32,40283,1,1,0,1,32,221,2,35,7,5,7,1,1,1,2,2,2,1,6,3,,2,2,1,1,2,2,,3,1200,2,1,1,,0,0,,0,0,0,0,0,0,0,0,0,,0,0,0,0,0,,0,0,,0,0,0,0,0,0,0,0,0,0,,0,0,0,2,3,,120,2,0,,3,3,1,0,,2,2,2,2,2,2,2,0,1,5,1,2,1,2,2,6919,1,2,1,2,0,0,1
13B195,32,40372,1,1,0,4,32,221,2,18,4,3,6,1,1,1,2,2,2,1,6,2,,2,1,2,1,2,2,,1,0,1,2,1,,0,0,,0,0,0,0,0,0,0,0,0,,0,0,0,0,0,,0,0,,0,0,0,0,0,0,0,0,0,0,,0,0,0,2,2,,60,2,0,,3,4,2,0,,2,2,2,2,1,1,1,2,1,5,1,1,1,1,1,40388,1,2,1,1,0,0,1
13B195,32,40372,4,1,0,3,32,221,1,24,4,3,1,1,1,2,2,1,2,1,0,0,,0,0,0,0,0,0,,0,0,0,0,0,,0,0,,0,0,0,0,0,0,0,0,0,,0,0,0,0,0,,1,4,,2,2,2,1,2,3,8,2,1,1,,0,0,0,1,4,,10,2,0,,2,1,2,0,,2,2,2,2,1,1,1,2,1,1,1,1,1,1,1,26191,1,3,1,0,0,2,1
13B195,32,40372,2,1,0,1,32,221,1,53,3,3,1,1,1,2,2,1,2,2,0,0,,0,0,0,0,0,0,,0,0,0,0,0,,0,0,,0,0,0,0,0,0,0,0,0,,0,0,0,0,0,,1,4,,2,1,2,1,2,2,0,2,1,2,,0,0,0,0,0,,6,2,0,,2,2,1,0,,2,2,2,2,2,1,2,0,1,1,1,1,1,1,1,33848,1,3,1,0,0,2,1
13B195,32,40372,3,1,0,1,32,221,2,52,7,5,7,1,1,1,1,1,1,1,3,3,,2,2,2,2,1,2,,2,0,2,1,1,,3,4,,2,2,2,1,2,2,2,2,2,,3,500,2,1,1,,7,3,,2,2,1,1,2,3,100,2,1,1,,5,2,1,1,3,,30,2,0,,3,3,2,0,,1,2,2,2,2,1,2,0,1,3,1,1,1,2,2,27315,1,2,1,2,2,2,1
13A191,32,40412,4,1,0,2,32,221,2,44,3,1,7,1,1,2,2,2,2,1,0,0,,0,0,0,0,0,0,,0,0,0,0,0,,0,0,,0,0,0,0,0,0,0,0,0,,0,0,0,0,0,,0,0,,0,0,0,0,0,0,0,0,0,0,,0,0,0,2,4,,30,2,0,,2,1,1,0,,2,2,2,2,2,2,2,0,2,0,1,2,1,1,2,17285,1,3,1,0,0,0,2
13A191,32,40412,3,1,0,1,32,221,2,29,3,3,7,1,1,1,2,2,2,1,2,4,,2,2,2,1,2,2,,2,0,2,1,1,,0,0,,0,0,0,0,0,0,0,0,0,,0,0,0,0,0,,0,0,,0,0,0,0,0,0,0,0,0,0,,0,0,0,1,4,,30,2,0,,2,3,1,0,,2,2,2,2,1,1,1,2,1,1,1,1,1,1,1,16792,1,2,1,2,0,0,1
13A191,32,40412,2,1,0,1,32,221,1,56,2,6,1,1,2,2,2,2,2,2,0,0,,0,0,0,0,0,0,,0,0,0,0,0,,0,0,,0,0,0,0,0,0,0,0,0,,0,0,0,0,0,,0,0,,0,0,0,0,0,0,0,0,0,0,,0,0,0,0,0,,0,0,0,,0,0,0,1,,2,2,2,2,2,2,2,0,2,0,1,2,2,2,2,25892,4,4,2,0,0,0,2
13A191,32,40412,1,1,0,2,32,221,2,27,7,5,1,1,2,2,2,2,2,1,0,0,,0,0,0,0,0,0,,0,0,0,0,0,,0,0,,0,0,0,0,0,0,0,0,0,,0,0,0,0,0,,0,0,,0,0,0,0,0,0,0,0,0,0,,0,0,0,2,3,,10,2,0,,2,3,2,0,,2,2,2,2,1,1,1,1,1,1,1,1,1,1,1,16792,3,3,1,0,0,0,2
